index,0,1,2
26457,0.067079881,0.117437565,0.815482554
26458,0.220686518,0.114568827,0.664744655
26459,0.12802685,0.116644281,0.755328868
26460,0.148733061,0.122222149,0.72904479
26461,0.074076487,0.252332367,0.673591146
26462,0.069401799,0.191616108,0.738982093
26463,0.17967021,0.176076199,0.644253591
26464,0.049667428,0.264351787,0.685980785
26465,0.112498925,0.228108607,0.659392468
26466,0.091435513,0.133778516,0.774785971
26467,0.366491165,0.174258556,0.459250279
26468,0.135515073,0.137374845,0.727110082
26469,0.083810878,0.203205256,0.712983865
26470,0.094457554,0.269908069,0.635634377
26471,0.113947615,0.161644755,0.72440763
26472,0.357243819,0.640688403,0.002067778
26473,0.137029246,0.384180465,0.478790289
26474,0.046343075,0.171535626,0.782121299
26475,0.091303585,0.171843009,0.736853406
26476,0.070782424,0.085528262,0.843689314
26477,0.066778839,0.12373879,0.809482371
26478,0.079013889,0.136669518,0.784316593
26479,0.087281782,0.255021116,0.657697102
26480,0.108891661,0.086040749,0.805067589
26481,0.048938412,0.11057875,0.840482838
26482,0.087409831,0.354351887,0.558238282
26483,0.075012913,0.106182434,0.818804653
26484,0.148505061,0.15368322,0.697811719
26485,0.056219338,0.098442401,0.845338261
26486,0.166253262,0.802127491,0.031619247
26487,0.053577562,0.317925109,0.628497329
26488,0.12258053,0.309337068,0.568082402
26489,0.10774614,0.173517938,0.718735922
26490,0.080258639,0.16068449,0.759056871
26491,0.279362978,0.717499499,0.003137523
26492,0.17248157,0.096774678,0.730743752
26493,0.115225695,0.135173818,0.749600487
26494,0.08957326,0.579933099,0.33049364
26495,0.162338633,0.325832148,0.511829219
26496,0.112063328,0.172024808,0.715911865
26497,0.150117513,0.279131759,0.570750728
26498,0.180343428,0.100851991,0.71880458
26499,0.041949817,0.063254956,0.894795226
26500,0.160637689,0.470208682,0.36915363
26501,0.114476088,0.218893568,0.666630344
26502,0.096791141,0.123455211,0.779753648
26503,0.075673527,0.902984093,0.021342379
26504,0.11249613,0.875163946,0.012339924
26505,0.111669478,0.298224902,0.59010562
26506,0.168116949,0.159363227,0.672519824
26507,0.143992026,0.089760038,0.766247936
26508,0.073775808,0.228228998,0.697995193
26509,0.065178647,0.123435492,0.811385861
26510,0.313102636,0.104261137,0.582636227
26511,0.056339051,0.360459362,0.583201588
26512,0.2005895,0.795809073,0.003601426
26513,0.093250503,0.176403363,0.730346134
26514,0.297227425,0.183022586,0.519749989
26515,0.024726502,0.65527406,0.319999438
26516,0.117320423,0.171227671,0.711451906
26517,0.154212243,0.238618827,0.60716893
26518,0.15027496,0.216293781,0.633431258
26519,0.075689432,0.279180623,0.645129945
26520,0.153925574,0.201033803,0.645040623
26521,0.074313083,0.160628993,0.765057923
26522,0.129202105,0.858080694,0.0127172
26523,0.091170107,0.112540123,0.796289771
26524,0.080292137,0.16378068,0.755927183
26525,0.137793465,0.162246677,0.699959857
26526,0.060728683,0.078990905,0.860280412
26527,0.033423978,0.087480416,0.879095607
26528,0.065542814,0.144443474,0.790013712
26529,0.116488407,0.24558679,0.637924802
26530,0.076561265,0.141242264,0.782196471
26531,0.083395813,0.468579284,0.448024903
26532,0.068694732,0.150826664,0.780478604
26533,0.064430679,0.184501871,0.75106745
26534,0.135559668,0.061042793,0.803397539
26535,0.160624313,0.137839963,0.701535724
26536,0.129315817,0.277879927,0.592804256
26537,0.063944764,0.294223499,0.641831737
26538,0.048329537,0.149261631,0.802408833
26539,0.131572406,0.116810899,0.751616695
26540,0.169918422,0.821379471,0.008702107
26541,0.089952007,0.211462033,0.69858596
26542,0.050920506,0.152974193,0.796105302
26543,0.020776776,0.139676166,0.839547058
26544,0.132310507,0.144884983,0.72280451
26545,0.162096712,0.395278017,0.44262527
26546,0.109675846,0.242969775,0.647354379
26547,0.03849895,0.271020858,0.690480192
26548,0.139132071,0.114032596,0.746835333
26549,0.324367377,0.120731093,0.554901529
26550,0.183308576,0.095615569,0.721075855
26551,0.157550982,0.239869119,0.602579899
26552,0.055853435,0.207007127,0.737139438
26553,0.13608166,0.116398999,0.74751934
26554,0.074394023,0.116429509,0.809176469
26555,0.083358188,0.140223309,0.776418503
26556,0.100821175,0.312628996,0.586549829
26557,0.141611729,0.194428419,0.663959852
26558,0.067557961,0.17230157,0.760140468
26559,0.194346545,0.797237236,0.008416219
26560,0.053407729,0.140362765,0.806229506
26561,0.158908443,0.290425429,0.550666128
26562,0.078870823,0.085681486,0.835447692
26563,0.102951905,0.336838507,0.560209588
26564,0.109708652,0.141707381,0.748583967
26565,0.250023226,0.072437734,0.67753904
26566,0.18347445,0.110816508,0.705709042
26567,0.06020655,0.085578383,0.854215067
26568,0.167334127,0.337706709,0.494959165
26569,0.135730415,0.860936995,0.00333259
26570,0.077749434,0.208964389,0.713286177
26571,0.086089486,0.10368207,0.810228444
26572,0.103742719,0.119580834,0.776676447
26573,0.054651083,0.243592119,0.701756798
26574,0.144042195,0.237752499,0.618205306
26575,0.049922707,0.167432771,0.782644522
26576,0.095510456,0.132338466,0.772151079
26577,0.103493714,0.307910089,0.588596197
26578,0.226571556,0.762442368,0.010986076
26579,0.244309132,0.118632641,0.637058227
26580,0.134187803,0.197614198,0.668197998
26581,0.13583426,0.205140338,0.659025402
26582,0.072877758,0.164830472,0.76229177
26583,0.045867231,0.125499009,0.82863376
26584,0.103718119,0.504293203,0.391988677
26585,0.154149596,0.166058385,0.679792019
26586,0.167914335,0.165899233,0.666186432
26587,0.047373573,0.110984042,0.841642385
26588,0.097199421,0.211241373,0.691559206
26589,0.049613011,0.086964891,0.863422099
26590,0.107824146,0.112681086,0.779494768
26591,0.104413907,0.23480176,0.660784334
26592,0.084224217,0.150492112,0.765283671
26593,0.203511416,0.171254353,0.625234231
26594,0.130347802,0.852055291,0.017596908
26595,0.021485533,0.176640035,0.801874432
26596,0.129890744,0.147417614,0.722691642
26597,0.39290043,0.576206101,0.030893469
26598,0.07488885,0.244526193,0.680584957
26599,0.061924721,0.271895207,0.666180071
26600,0.140203891,0.212783301,0.647012808
26601,0.052650873,0.121152377,0.82619675
26602,0.147497887,0.098687587,0.753814526
26603,0.201617149,0.124199398,0.674183453
26604,0.199802043,0.181998255,0.618199702
26605,0.133425709,0.323211152,0.543363138
26606,0.162267513,0.812575236,0.025157251
26607,0.085614558,0.109305728,0.805079714
26608,0.028595536,0.552071129,0.419333335
26609,0.035644637,0.135413314,0.828942049
26610,0.195961407,0.179157892,0.624880701
26611,0.255682249,0.141266317,0.603051434
26612,0.063837935,0.295001938,0.641160127
26613,0.080254972,0.138946871,0.780798157
26614,0.0791599,0.241507492,0.679332608
26615,0.106972355,0.096876872,0.796150773
26616,0.119389857,0.12573799,0.754872153
26617,0.069758874,0.107809351,0.822431775
26618,0.071777503,0.1119081,0.816314397
26619,0.057957673,0.235307127,0.706735199
26620,0.05549786,0.103669404,0.840832736
26621,0.084948412,0.529006008,0.38604558
26622,0.243324469,0.388702131,0.367973401
26623,0.046405115,0.107599773,0.845995112
26624,0.174785897,0.549224974,0.275989129
26625,0.118136768,0.110990426,0.770872806
26626,0.121398322,0.237546376,0.641055302
26627,0.094681407,0.125669954,0.779648638
26628,0.591889525,0.141515363,0.266595112
26629,0.111220807,0.15460688,0.734172314
26630,0.112320781,0.446421621,0.441257598
26631,0.063100785,0.140721066,0.796178149
26632,0.275596612,0.709143615,0.015259773
26633,0.231499229,0.168377171,0.6001236
26634,0.211477743,0.177261036,0.611261222
26635,0.174614733,0.296275238,0.529110029
26636,0.075565199,0.300051902,0.624382899
26637,0.121266848,0.14022228,0.738510872
26638,0.163399154,0.125172189,0.711428657
26639,0.311421771,0.162556293,0.526021936
26640,0.088316434,0.214943601,0.696739965
26641,0.153494895,0.211694315,0.63481079
26642,0.058847739,0.274647192,0.666505068
26643,0.078828305,0.143809385,0.77736231
26644,0.128273472,0.142699238,0.72902729
26645,0.039309123,0.392404153,0.568286724
26646,0.065742583,0.126058953,0.808198464
26647,0.141363273,0.431867156,0.426769571
26648,0.095395997,0.342940018,0.561663986
26649,0.124582398,0.122241027,0.753176575
26650,0.108346305,0.17908789,0.712565805
26651,0.242777552,0.110595908,0.646626539
26652,0.137016245,0.284001319,0.578982436
26653,0.073835088,0.159585098,0.766579814
26654,0.030255816,0.061003985,0.908740199
26655,0.116382122,0.13354939,0.750068488
26656,0.033967807,0.057908122,0.908124071
26657,0.078021542,0.160366569,0.761611889
26658,0.041345501,0.330882767,0.627771732
26659,0.038859259,0.172585974,0.788554767
26660,0.185337935,0.174925964,0.639736101
26661,0.060352916,0.166735924,0.77291116
26662,0.119855175,0.180946291,0.699198534
26663,0.168855754,0.432197338,0.398946908
26664,0.089610076,0.184583895,0.725806029
26665,0.064557795,0.201176356,0.734265849
26666,0.062720293,0.181938458,0.755341249
26667,0.050808412,0.353552956,0.595638631
26668,0.32314625,0.137949099,0.538904651
26669,0.420244556,0.562185644,0.017569801
26670,0.089934374,0.105226937,0.804838689
26671,0.118901609,0.178397348,0.702701044
26672,0.061483619,0.075325509,0.863190871
26673,0.075514603,0.077521176,0.846964222
26674,0.12418172,0.262705911,0.61311237
26675,0.060960028,0.236835931,0.702204041
26676,0.102624657,0.441433922,0.455941421
26677,0.204699204,0.351412685,0.443888111
26678,0.082672273,0.279066938,0.638260789
26679,0.074316265,0.229151615,0.69653212
26680,0.100294839,0.167184504,0.732520658
26681,0.084254045,0.114343445,0.801402509
26682,0.120036004,0.187038517,0.692925479
26683,0.106158729,0.097933166,0.795908105
26684,0.070377985,0.14708597,0.782536045
26685,0.07527344,0.118617555,0.806109005
26686,0.072426248,0.142889452,0.784684299
26687,0.095687861,0.518678429,0.38563371
26688,0.08573075,0.160423061,0.753846189
26689,0.054507476,0.139265962,0.806226562
26690,0.151620896,0.217931008,0.630448096
26691,0.066026791,0.200195898,0.733777311
26692,0.085737874,0.136666696,0.77759543
26693,0.138144331,0.1293726,0.732483069
26694,0.082303863,0.21527171,0.702424426
26695,0.036542722,0.323802651,0.639654626
26696,0.144380756,0.285619922,0.569999322
26697,0.040191942,0.169142504,0.790665554
26698,0.086869666,0.247451119,0.665679215
26699,0.127643728,0.473738037,0.398618235
26700,0.043363377,0.120596979,0.836039645
26701,0.208296151,0.785250597,0.006453251
26702,0.099854444,0.121555176,0.778590379
26703,0.080245194,0.122290345,0.797464461
26704,0.043930365,0.150055509,0.806014126
26705,0.108149589,0.124280402,0.767570009
26706,0.200043709,0.21565256,0.584303731
26707,0.049835346,0.128944736,0.821219918
26708,0.26067952,0.13153204,0.60778844
26709,0.035382653,0.13730644,0.827310907
26710,0.150306539,0.838438891,0.01125457
26711,0.053794016,0.128522848,0.817683135
26712,0.156421234,0.136223904,0.707354862
26713,0.088060748,0.165478946,0.746460306
26714,0.119169281,0.192530611,0.688300109
26715,0.143507408,0.327155494,0.529337099
26716,0.162019576,0.328244833,0.509735591
26717,0.086723742,0.217700514,0.695575744
26718,0.067116639,0.077219931,0.85566343
26719,0.063698209,0.202422088,0.733879703
26720,0.114025153,0.291750579,0.594224268
26721,0.112467608,0.13616392,0.751368472
26722,0.044565574,0.11697053,0.838463897
26723,0.099940588,0.123077091,0.776982321
26724,0.075612754,0.158581082,0.765806165
26725,0.058605351,0.199191088,0.742203561
26726,0.069734565,0.349418339,0.580847096
26727,0.127549507,0.402665587,0.469784906
26728,0.057438564,0.060669112,0.881892324
26729,0.07300425,0.176990635,0.750005115
26730,0.120654506,0.245080844,0.63426465
26731,0.092657542,0.129052375,0.778290083
26732,0.064504822,0.493446771,0.442048408
26733,0.109727768,0.19473484,0.695537392
26734,0.072270949,0.915996229,0.011732822
26735,0.105672084,0.263568665,0.630759251
26736,0.211294806,0.312734598,0.475970597
26737,0.208365614,0.772864168,0.018770218
26738,0.411114834,0.066472915,0.522412251
26739,0.073161165,0.106566587,0.820272248
26740,0.066240725,0.193448162,0.740311113
26741,0.09183158,0.265070438,0.643097982
26742,0.062405255,0.096082605,0.84151214
26743,0.061425455,0.126182644,0.812391901
26744,0.086923619,0.100307006,0.812769376
26745,0.112118824,0.166597823,0.721283353
26746,0.114395824,0.206481915,0.679122261
26747,0.072998223,0.164885335,0.762116442
26748,0.099211401,0.084455886,0.816332713
26749,0.202628167,0.177118891,0.620252943
26750,0.134385543,0.376917663,0.488696794
26751,0.11333177,0.201746449,0.684921782
26752,0.30512772,0.135744598,0.559127682
26753,0.060012632,0.121800895,0.818186473
26754,0.134375269,0.283153314,0.582471417
26755,0.067496932,0.275798122,0.656704945
26756,0.108758557,0.122344969,0.768896474
26757,0.067604102,0.114925282,0.817470616
26758,0.083351591,0.167459234,0.749189175
26759,0.071598955,0.185359248,0.743041797
26760,0.110102684,0.17555658,0.714340736
26761,0.069051041,0.92962188,0.001327079
26762,0.109421073,0.301267734,0.589311193
26763,0.235064703,0.129704811,0.635230486
26764,0.105993155,0.152218922,0.741787923
26765,0.04354699,0.944589375,0.011863635
26766,0.139098039,0.450985479,0.409916481
26767,0.098700635,0.099145057,0.802154307
26768,0.024316333,0.174978941,0.800704725
26769,0.024677715,0.091207567,0.884114718
26770,0.053739801,0.138080684,0.808179515
26771,0.094017729,0.139383215,0.766599056
26772,0.023504214,0.25991587,0.716579916
26773,0.099569589,0.192232693,0.708197718
26774,0.042295264,0.253707444,0.703997293
26775,0.059381204,0.105819184,0.834799612
26776,0.115310246,0.437693415,0.446996339
26777,0.150350604,0.116559,0.733090395
26778,0.063307333,0.301472229,0.635220437
26779,0.127835175,0.065861796,0.806303029
26780,0.20952778,0.167925683,0.622546537
26781,0.070679152,0.288084578,0.64123627
26782,0.156561225,0.83696622,0.006472556
26783,0.144410309,0.839038741,0.01655095
26784,0.113414027,0.14346487,0.743121104
26785,0.066376042,0.110629663,0.822994295
26786,0.085846869,0.177533471,0.73661966
26787,0.07216192,0.171658125,0.756179954
26788,0.076304743,0.129891311,0.793803946
26789,0.066925693,0.139344878,0.79372943
26790,0.057576294,0.262317468,0.680106238
26791,0.119576114,0.206942543,0.673481343
26792,0.077462294,0.074323954,0.848213752
26793,0.016061317,0.043169187,0.940769496
26794,0.063887339,0.277145077,0.658967584
26795,0.28584464,0.15516917,0.55898619
26796,0.206862834,0.393036186,0.40010098
26797,0.109237278,0.29434014,0.596422582
26798,0.662265268,0.068596169,0.269138563
26799,0.106187817,0.189061513,0.704750671
26800,0.043642368,0.088468081,0.867889551
26801,0.066262891,0.637094348,0.296642761
26802,0.088592572,0.118704618,0.79270281
26803,0.065462059,0.289882593,0.644655348
26804,0.132117832,0.084647973,0.783234195
26805,0.173676594,0.144349574,0.681973832
26806,0.090281628,0.318490476,0.591227896
26807,0.103775649,0.190864265,0.705360086
26808,0.151113196,0.367856072,0.481030733
26809,0.086154214,0.356067711,0.557778076
26810,0.082153809,0.12633619,0.791510001
26811,0.073187846,0.226973785,0.699838368
26812,0.075923161,0.412041647,0.512035193
26813,0.088458461,0.472655592,0.438885947
26814,0.110504316,0.135350706,0.754144977
26815,0.102240095,0.124539321,0.773220584
26816,0.053545009,0.157510908,0.788944084
26817,0.096407125,0.245505444,0.65808743
26818,0.023938136,0.072061484,0.90400038
26819,0.109120389,0.121063373,0.769816238
26820,0.056204409,0.101485618,0.842309973
26821,0.030802652,0.02881661,0.940380738
26822,0.061790144,0.409655558,0.528554298
26823,0.112580013,0.187969051,0.699450936
26824,0.062174323,0.277340735,0.660484941
26825,0.133304525,0.164007667,0.702687807
26826,0.050281495,0.158856593,0.790861912
26827,0.042802871,0.088639896,0.868557232
26828,0.055965486,0.081373429,0.862661085
26829,0.093977261,0.18519788,0.720824859
26830,0.103617958,0.18882708,0.707554962
26831,0.140875693,0.0849386,0.774185707
26832,0.05134793,0.339908301,0.608743769
26833,0.422517938,0.087596671,0.489885391
26834,0.02144133,0.077139552,0.901419117
26835,0.085307447,0.315632332,0.599060221
26836,0.097015998,0.14659424,0.756389762
26837,0.076680914,0.157890312,0.765428774
26838,0.043176526,0.101373109,0.855450364
26839,0.073952275,0.152614135,0.77343359
26840,0.086867304,0.260352796,0.652779899
26841,0.105296118,0.238802411,0.655901472
26842,0.213509193,0.202840937,0.58364987
26843,0.049693455,0.120534849,0.829771696
26844,0.152360872,0.099128568,0.748510559
26845,0.169012556,0.167669609,0.663317835
26846,0.097237408,0.28049359,0.622269002
26847,0.102874331,0.180722881,0.716402788
26848,0.047227162,0.189437943,0.763334894
26849,0.071521814,0.131496645,0.796981541
26850,0.090145941,0.294052553,0.615801505
26851,0.057364802,0.052535252,0.890099946
26852,0.169911282,0.185204725,0.644883993
26853,0.358985291,0.621151524,0.019863185
26854,0.056208305,0.270927475,0.67286422
26855,0.051220732,0.150167613,0.798611656
26856,0.070666814,0.090899361,0.838433824
26857,0.071698375,0.266954825,0.6613468
26858,0.053391989,0.402660532,0.543947478
26859,0.08974175,0.369713075,0.540545175
26860,0.252867784,0.164798948,0.582333269
26861,0.096116463,0.215197386,0.688686151
26862,0.120240868,0.875917633,0.003841499
26863,0.076968205,0.154673364,0.76835843
26864,0.104388031,0.173465185,0.722146784
26865,0.047369888,0.409717238,0.542912874
26866,0.051043323,0.492306069,0.456650608
26867,0.099686442,0.519082098,0.38123146
26868,0.107514857,0.152440747,0.740044396
26869,0.128895505,0.170556033,0.700548462
26870,0.056195699,0.048628244,0.895176057
26871,0.114383169,0.27891401,0.606702821
26872,0.103029816,0.21792516,0.679045024
26873,0.107365024,0.881557405,0.011077571
26874,0.116313533,0.286934522,0.596751945
26875,0.071137789,0.250467607,0.678394604
26876,0.153673815,0.84174042,0.004585764
26877,0.085716401,0.232046166,0.682237433
26878,0.251505546,0.158497592,0.589996862
26879,0.047793558,0.099110313,0.853096129
26880,0.072406194,0.192264663,0.735329143
26881,0.136349648,0.258486723,0.605163629
26882,0.442363423,0.547819086,0.009817491
26883,0.223512529,0.762680093,0.013807378
26884,0.097003034,0.14300303,0.759993936
26885,0.052239641,0.271313351,0.676447008
26886,0.129742185,0.439815763,0.430442052
26887,0.042373554,0.150129841,0.807496605
26888,0.089839065,0.213282631,0.696878304
26889,0.106140461,0.21306802,0.680791518
26890,0.216853769,0.117691991,0.665454241
26891,0.106570353,0.111487995,0.781941651
26892,0.669157641,0.191428434,0.139413925
26893,0.093730151,0.162235907,0.744033942
26894,0.051453115,0.028278063,0.920268823
26895,0.077683387,0.414128145,0.508188468
26896,0.1423273,0.168947363,0.688725337
26897,0.315680104,0.188680978,0.495638919
26898,0.158971125,0.191991677,0.649037198
26899,0.072650908,0.225675725,0.701673366
26900,0.049221907,0.143231101,0.807546991
26901,0.049887687,0.258409067,0.691703246
26902,0.32314625,0.137949099,0.538904651
26903,0.108938888,0.25111042,0.639950691
26904,0.096799521,0.316877819,0.586322661
26905,0.097237408,0.28049359,0.622269002
26906,0.055961419,0.104811972,0.83922661
26907,0.085617036,0.242775772,0.671607193
26908,0.080204495,0.221008439,0.698787067
26909,0.096412924,0.263627398,0.639959679
26910,0.041085645,0.123822566,0.835091788
26911,0.098861868,0.074200521,0.82693761
26912,0.093160473,0.893443792,0.013395735
26913,0.083547868,0.240860715,0.675591417
26914,0.110501756,0.107499802,0.781998442
26915,0.133223581,0.114283642,0.752492777
26916,0.069615728,0.249608364,0.680775908
26917,0.073879929,0.157449573,0.768670498
26918,0.078500242,0.202561482,0.718938276
26919,0.042490386,0.10973006,0.847779555
26920,0.130559484,0.206172636,0.66326788
26921,0.081776012,0.046293139,0.871930849
26922,0.121917065,0.352729059,0.525353876
26923,0.101748218,0.400175315,0.498076467
26924,0.058511783,0.286709877,0.65477834
26925,0.124168125,0.148099249,0.727732626
26926,0.08505415,0.132646253,0.782299597
26927,0.085380393,0.57197562,0.342643986
26928,0.08636317,0.191980992,0.721655838
26929,0.111515959,0.136503534,0.751980506
26930,0.077888162,0.203173783,0.718938055
26931,0.031277705,0.13200559,0.836716705
26932,0.228430542,0.362172652,0.409396807
26933,0.216455329,0.166641742,0.616902929
26934,0.083866903,0.421670117,0.49446298
26935,0.111363041,0.274558877,0.614078082
26936,0.069955625,0.186207252,0.743837123
26937,0.204555431,0.188448131,0.606996438
26938,0.126274557,0.259048722,0.61467672
26939,0.0690797,0.406697182,0.524223118
26940,0.066598474,0.092151806,0.84124972
26941,0.133045651,0.46051776,0.406436589
26942,0.105669901,0.17488851,0.719441589
26943,0.075394106,0.317972361,0.606633533
26944,0.075317453,0.137426102,0.787256445
26945,0.192600547,0.155165418,0.652234035
26946,0.117014146,0.291478355,0.591507499
26947,0.125526685,0.298525562,0.575947753
26948,0.088603222,0.122320378,0.7890764
26949,0.115342565,0.159461367,0.725196068
26950,0.095525903,0.175411794,0.729062303
26951,0.070746249,0.173138314,0.756115437
26952,0.043479842,0.399144747,0.557375411
26953,0.062958516,0.243437216,0.693604268
26954,0.047432905,0.096018168,0.856548927
26955,0.205191112,0.331265482,0.463543406
26956,0.111146482,0.096274486,0.792579032
26957,0.045710687,0.171261563,0.78302775
26958,0.10600479,0.119086576,0.774908634
26959,0.144654619,0.135365554,0.719979826
26960,0.088383925,0.192012454,0.719603621
26961,0.179588856,0.49137301,0.329038134
26962,0.423883259,0.181819448,0.394297293
26963,0.214653855,0.145668347,0.639677797
26964,0.095449182,0.091211347,0.813339472
26965,0.088853952,0.088825769,0.822320279
26966,0.269845895,0.155810671,0.574343434
26967,0.102475193,0.089453936,0.808070871
26968,0.166721428,0.148112802,0.685165769
26969,0.099667331,0.152977631,0.747355038
26970,0.201912223,0.193758441,0.604329336
26971,0.018429823,0.076935792,0.904634385
26972,0.312138813,0.677697873,0.010163314
26973,0.120354779,0.171441038,0.708204183
26974,0.11903941,0.156620409,0.724340182
26975,0.046238647,0.194392474,0.759368879
26976,0.037940019,0.14595029,0.816109691
26977,0.12655664,0.485972909,0.387470451
26978,0.077970033,0.517550569,0.404479399
26979,0.086131425,0.152831986,0.761036589
26980,0.064666258,0.206417436,0.728916306
26981,0.048131671,0.129944915,0.821923414
26982,0.122139008,0.13364286,0.744218132
26983,0.293058317,0.702759888,0.004181796
26984,0.299588009,0.696094726,0.004317265
26985,0.055806231,0.210868227,0.733325542
26986,0.135750715,0.190195878,0.674053407
26987,0.095312104,0.146430909,0.758256986
26988,0.06860843,0.22774757,0.703644
26989,0.260511714,0.122644224,0.616844063
26990,0.080193495,0.14378852,0.776017985
26991,0.029926592,0.062252302,0.907821106
26992,0.132104371,0.286798931,0.581096699
26993,0.041601905,0.047427476,0.910970619
26994,0.104536164,0.259983621,0.635480215
26995,0.475779143,0.065322422,0.458898435
26996,0.0309294,0.142972273,0.826098327
26997,0.083010231,0.14604276,0.770947009
26998,0.081850645,0.162289443,0.755859912
26999,0.088102896,0.122610734,0.78928637
27000,0.116524137,0.302050472,0.581425391
27001,0.204110497,0.126727055,0.669162448
27002,0.12416959,0.212106474,0.663723936
27003,0.051196489,0.116481692,0.832321819
27004,0.052855966,0.117777607,0.829366427
27005,0.140213549,0.117896043,0.741890408
27006,0.097421912,0.528384643,0.374193445
27007,0.083517947,0.105647565,0.810834488
27008,0.09239558,0.120528092,0.787076327
27009,0.069451801,0.185616763,0.744931436
27010,0.116666635,0.276956892,0.606376473
27011,0.088753678,0.084828846,0.826417476
27012,0.14738518,0.195203365,0.657411455
27013,0.073631096,0.123184218,0.803184686
27014,0.090407036,0.293916358,0.615676607
27015,0.209348614,0.756160855,0.034490531
27016,0.097899627,0.325801535,0.576298838
27017,0.144540026,0.140189664,0.715270309
27018,0.034969373,0.087586776,0.87744385
27019,0.129130981,0.473230247,0.397638772
27020,0.088597291,0.668372535,0.243030174
27021,0.066482212,0.37442073,0.559097058
27022,0.113086667,0.162468742,0.724444591
27023,0.058434706,0.117483632,0.824081662
27024,0.06646379,0.375133411,0.558402799
27025,0.07417267,0.201275858,0.724551472
27026,0.068195422,0.269386371,0.662418207
27027,0.087140958,0.188418481,0.724440561
27028,0.076099816,0.149558219,0.774341964
27029,0.119911332,0.130761166,0.749327502
27030,0.146626047,0.226727578,0.626646376
27031,0.220263452,0.12073317,0.659003377
27032,0.096791406,0.161351918,0.741856676
27033,0.069708271,0.187696036,0.742595692
27034,0.1175883,0.131987553,0.750424147
27035,0.16946242,0.255057019,0.575480561
27036,0.085255204,0.874037805,0.040706992
27037,0.059692427,0.120689918,0.819617655
27038,0.09591909,0.613501116,0.290579793
27039,0.070577188,0.183933141,0.745489671
27040,0.070510458,0.183793431,0.745696111
27041,0.161699188,0.14825436,0.690046452
27042,0.102230878,0.177046477,0.720722645
27043,0.078204078,0.136470655,0.785325267
27044,0.10997007,0.119282437,0.770747494
27045,0.094954751,0.205526127,0.699519122
27046,0.212350216,0.124555261,0.663094523
27047,0.097524582,0.101914938,0.80056048
27048,0.210436203,0.162056594,0.627507202
27049,0.047646726,0.334774861,0.617578413
27050,0.05395088,0.942024016,0.004025104
27051,0.192741127,0.145486814,0.661772058
27052,0.125600931,0.223163964,0.651235105
27053,0.217564675,0.31962126,0.462814065
27054,0.330302207,0.108083039,0.561614754
27055,0.065009922,0.279323354,0.655666724
27056,0.231282919,0.233471953,0.535245128
27057,0.059310662,0.082549587,0.858139751
27058,0.046672121,0.09988586,0.853442019
27059,0.253820239,0.173398836,0.572780925
27060,0.096330056,0.210350178,0.693319766
27061,0.128290375,0.203147125,0.6685625
27062,0.047491644,0.166922181,0.785586174
27063,0.13720242,0.259452219,0.603345361
27064,0.044545057,0.16164133,0.793813613
27065,0.271240278,0.0727484,0.656011322
27066,0.135252285,0.138246802,0.726500913
27067,0.063383728,0.209608168,0.727008104
27068,0.089166402,0.1345186,0.776314998
27069,0.034074525,0.093296871,0.872628604
27070,0.054416374,0.204834774,0.740748852
27071,0.108335039,0.151771343,0.739893618
27072,0.137744465,0.30149057,0.560764965
27073,0.130671521,0.137278344,0.732050135
27074,0.040286065,0.160670983,0.799042952
27075,0.098305342,0.123284808,0.77840985
27076,0.073512363,0.148586307,0.77790133
27077,0.062401315,0.130493406,0.807105279
27078,0.039362664,0.09870876,0.861928576
27079,0.371396121,0.112901592,0.515702287
27080,0.098053792,0.162578807,0.739367401
27081,0.079189224,0.203488427,0.717322349
27082,0.087241698,0.276440019,0.636318283
27083,0.024323548,0.228647756,0.747028696
27084,0.087341989,0.163222337,0.749435674
27085,0.168136256,0.186952738,0.644911005
27086,0.053428435,0.086081742,0.860489823
27087,0.12041887,0.125167032,0.754414098
27088,0.177838523,0.1520664,0.670095077
27089,0.05350468,0.096771844,0.849723476
27090,0.107850796,0.185162606,0.706986598
27091,0.118432345,0.095587139,0.785980516
27092,0.060038203,0.09319083,0.846770966
27093,0.133411121,0.241287404,0.625301475
27094,0.072505137,0.123873704,0.803621159
27095,0.075317238,0.154347813,0.770334949
27096,0.029201399,0.066439971,0.904358629
27097,0.145879602,0.136357821,0.717762577
27098,0.31517601,0.679148274,0.005675716
27099,0.074236104,0.231702623,0.694061273
27100,0.04559573,0.142532685,0.811871586
27101,0.221513239,0.145276021,0.63321074
27102,0.074207782,0.146378858,0.77941336
27103,0.070147285,0.230695656,0.699157059
27104,0.023198448,0.057811918,0.918989634
27105,0.079233845,0.11059275,0.810173405
27106,0.059460457,0.403117272,0.537422271
27107,0.071873978,0.195783715,0.732342307
27108,0.050951258,0.140937036,0.808111706
27109,0.099407128,0.121795294,0.778797578
27110,0.296040566,0.172768632,0.531190802
27111,0.106808441,0.085294071,0.807897488
27112,0.017180311,0.09685342,0.885966269
27113,0.097367391,0.170079581,0.732553028
27114,0.12739371,0.179573151,0.693033139
27115,0.206160668,0.1389227,0.654916632
27116,0.031754487,0.118394221,0.849851292
27117,0.094351228,0.206667242,0.69898153
27118,0.084157346,0.058955337,0.856887317
27119,0.172307459,0.253034619,0.574657922
27120,0.105307517,0.166360219,0.728332264
27121,0.096161417,0.233302853,0.670535731
27122,0.247981215,0.192943257,0.559075527
27123,0.397593756,0.596938381,0.005467863
27124,0.120120689,0.191897968,0.687981343
27125,0.099055379,0.167668907,0.733275714
27126,0.064707246,0.073336086,0.861956668
27127,0.513894626,0.455673587,0.030431787
27128,0.2358265,0.761138041,0.003035459
27129,0.091499786,0.219574165,0.688926049
27130,0.155192461,0.162799195,0.682008344
27131,0.054907017,0.107378992,0.837713991
27132,0.116943228,0.389590299,0.493466473
27133,0.237221245,0.18061997,0.582158785
27134,0.048624832,0.087546857,0.863828311
27135,0.160322744,0.161694564,0.677982691
27136,0.086705952,0.240358845,0.672935203
27137,0.067180454,0.199561806,0.73325774
27138,0.140939408,0.846335909,0.012724683
27139,0.116857179,0.07614917,0.806993652
27140,0.08518077,0.064973572,0.849845658
27141,0.139871785,0.116159495,0.743968719
27142,0.104668385,0.142834828,0.752496787
27143,0.193352497,0.151263612,0.655383892
27144,0.104093423,0.280477674,0.615428903
27145,0.048758325,0.143074937,0.808166737
27146,0.283797576,0.094210979,0.621991444
27147,0.158184761,0.19771217,0.644103069
27148,0.126492465,0.215899308,0.657608227
27149,0.048682214,0.110648808,0.840668977
27150,0.206895995,0.250579476,0.542524529
27151,0.243876665,0.104801822,0.651321513
27152,0.048219613,0.089028971,0.862751415
27153,0.24245851,0.234716458,0.522825032
27154,0.158907865,0.160689458,0.680402677
27155,0.082393327,0.141957709,0.775648964
27156,0.127800123,0.343290519,0.528909358
27157,0.20093249,0.51081431,0.2882532
27158,0.086560984,0.104954462,0.808484554
27159,0.148534749,0.167805943,0.683659308
27160,0.12807682,0.297868056,0.574055124
27161,0.07032718,0.148386538,0.781286283
27162,0.119677295,0.176830396,0.703492309
27163,0.033906025,0.123615111,0.842478864
27164,0.161340784,0.191275673,0.647383543
27165,0.103004032,0.117605683,0.779390285
27166,0.07389705,0.200496698,0.725606252
27167,0.058730899,0.105053961,0.836215139
27168,0.081277167,0.199613,0.719109833
27169,0.079405445,0.063376957,0.857217598
27170,0.084161316,0.273382855,0.642455828
27171,0.148977895,0.114763672,0.736258433
27172,0.102901178,0.17224779,0.724851033
27173,0.363202798,0.113638498,0.523158703
27174,0.064069204,0.204134177,0.731796619
27175,0.126730951,0.863123262,0.010145787
27176,0.067860721,0.924444877,0.007694402
27177,0.132757215,0.231731981,0.635510804
27178,0.095927571,0.351407359,0.55266507
27179,0.13107002,0.21519262,0.65373736
27180,0.072683812,0.153153437,0.774162751
27181,0.053986196,0.252092162,0.693921642
27182,0.155350638,0.102158076,0.742491286
27183,0.101929009,0.419850529,0.478220461
27184,0.183541394,0.092054538,0.724404069
27185,0.094504538,0.173028336,0.732467126
27186,0.031360874,0.2169366,0.751702526
27187,0.125341274,0.341450308,0.533208418
27188,0.157277187,0.158501394,0.684221419
27189,0.048019352,0.304746921,0.647233727
27190,0.082654777,0.224341198,0.693004025
27191,0.122438236,0.114060928,0.763500836
27192,0.060473779,0.230478853,0.709047368
27193,0.264411735,0.439770161,0.295818104
27194,0.120784992,0.200525873,0.678689135
27195,0.148991482,0.074567991,0.776440526
27196,0.075001902,0.127019368,0.797978729
27197,0.129211186,0.138529738,0.732259075
27198,0.048613257,0.096437019,0.854949724
27199,0.077783099,0.098421834,0.823795067
27200,0.040728711,0.078352013,0.880919276
27201,0.113195989,0.183257897,0.703546114
27202,0.087479213,0.197583087,0.714937699
27203,0.048966439,0.138297687,0.812735874
27204,0.162533342,0.83586911,0.001597548
27205,0.090602026,0.29789403,0.611503945
27206,0.084407851,0.155799009,0.75979314
27207,0.128107234,0.189060816,0.68283195
27208,0.113648251,0.14781571,0.738536039
27209,0.110336097,0.165194571,0.724469331
27210,0.137712145,0.230467856,0.631819999
27211,0.105678574,0.218504343,0.675817083
27212,0.046318166,0.159614125,0.794067709
27213,0.081617294,0.182871051,0.735511656
27214,0.29744118,0.667619524,0.034939296
27215,0.072214298,0.360950119,0.566835583
27216,0.014596283,0.023966079,0.961437638
27217,0.061184314,0.527616764,0.411198922
27218,0.194670645,0.110568677,0.694760679
27219,0.110639406,0.123580487,0.765780107
27220,0.126411925,0.177638257,0.695949819
27221,0.148873319,0.092772638,0.758354043
27222,0.095311241,0.1737006,0.730988159
27223,0.248223877,0.078762933,0.673013191
27224,0.085775631,0.899811185,0.014413185
27225,0.115591069,0.176037475,0.708371456
27226,0.095644834,0.129518209,0.774836957
27227,0.107858161,0.1712723,0.720869539
27228,0.035389041,0.068406466,0.896204493
27229,0.095042235,0.153683975,0.751273791
27230,0.272946546,0.142291484,0.584761971
27231,0.086461152,0.098821395,0.814717452
27232,0.113015919,0.157037619,0.729946462
27233,0.081173832,0.120507499,0.798318669
27234,0.051813362,0.06473852,0.883448118
27235,0.30515838,0.100542373,0.594299247
27236,0.086599521,0.291663314,0.621737166
27237,0.067516937,0.201941397,0.730541665
27238,0.073862355,0.133504239,0.792633405
27239,0.07504379,0.197808566,0.727147644
27240,0.065750511,0.115065922,0.819183567
27241,0.051761855,0.939134952,0.009103193
27242,0.155767786,0.620957315,0.223274899
27243,0.06381153,0.177026129,0.759162341
27244,0.071730073,0.457495415,0.470774512
27245,0.233104982,0.115704632,0.651190387
27246,0.124122591,0.299651536,0.576225873
27247,0.103687166,0.139644817,0.756668017
27248,0.288754895,0.312212017,0.399033088
27249,0.187278026,0.780734683,0.031987291
27250,0.304045046,0.66964853,0.026306425
27251,0.078517257,0.070494131,0.850988612
27252,0.201775628,0.331783074,0.466441298
27253,0.063668828,0.135685866,0.800645306
27254,0.136636736,0.103946966,0.759416299
27255,0.113144709,0.404287504,0.482567786
27256,0.12270129,0.111393507,0.765905203
27257,0.256975131,0.224584577,0.518440292
27258,0.057382917,0.331303042,0.611314041
27259,0.221614588,0.400021167,0.378364245
27260,0.030301596,0.109103421,0.860594982
27261,0.124585357,0.285994701,0.589419942
27262,0.069622921,0.165478118,0.764898961
27263,0.116165789,0.188477378,0.695356832
27264,0.070490692,0.204306222,0.725203086
27265,0.095323329,0.186335823,0.718340848
27266,0.12333308,0.212874042,0.663792878
27267,0.236814833,0.203620994,0.559564174
27268,0.123549751,0.138902705,0.737547544
27269,0.163854663,0.159703876,0.676441461
27270,0.097570985,0.221460544,0.680968471
27271,0.036780198,0.865254076,0.097965726
27272,0.12718781,0.109385337,0.763426852
27273,0.017591933,0.167228792,0.815179275
27274,0.271650657,0.116911123,0.61143822
27275,0.036334732,0.660716663,0.302948605
27276,0.109103618,0.137337097,0.753559286
27277,0.21840473,0.77637875,0.00521652
27278,0.197545261,0.223581584,0.578873155
27279,0.123393541,0.159444428,0.71716203
27280,0.255205268,0.445824005,0.298970727
27281,0.048432791,0.130059319,0.82150789
27282,0.096951061,0.143080538,0.759968401
27283,0.12655664,0.485972909,0.387470451
27284,0.109120616,0.160190126,0.730689258
27285,0.062976122,0.628114811,0.308909067
27286,0.58368951,0.162600566,0.253709924
27287,0.091747979,0.122446075,0.785805945
27288,0.08848779,0.247739096,0.663773114
27289,0.035351224,0.781099318,0.183549458
27290,0.146014961,0.131948881,0.722036159
27291,0.139228931,0.140012552,0.720758518
27292,0.147942576,0.136561337,0.715496087
27293,0.1511582,0.193347693,0.655494107
27294,0.089949454,0.14092857,0.769121977
27295,0.131853822,0.846515034,0.021631144
27296,0.07198253,0.175416193,0.752601277
27297,0.060216316,0.179777628,0.760006056
27298,0.325207975,0.133653112,0.541138912
27299,0.17559103,0.129253924,0.695155046
27300,0.166070851,0.29189491,0.542034239
27301,0.184488824,0.204866403,0.610644773
27302,0.106208722,0.082904632,0.810886646
27303,0.101844916,0.243630642,0.654524443
27304,0.072113675,0.222515921,0.705370404
27305,0.097283818,0.113850351,0.788865831
27306,0.094571991,0.126191317,0.779236692
27307,0.313733582,0.149072183,0.537194235
27308,0.173624274,0.120724521,0.705651205
27309,0.077436988,0.19521749,0.727345522
27310,0.096227687,0.216646063,0.68712625
27311,0.070329012,0.135824556,0.793846432
27312,0.079952227,0.164353218,0.755694555
27313,0.117358726,0.113866349,0.768774925
27314,0.03610252,0.148107929,0.815789551
27315,0.186463953,0.789465493,0.024070554
27316,0.058590606,0.214132973,0.727276421
27317,0.068069055,0.120618271,0.811312674
27318,0.08595329,0.270675032,0.643371679
27319,0.167085646,0.163911254,0.6690031
27320,0.069388328,0.19147612,0.739135553
27321,0.082957079,0.145376061,0.771666861
27322,0.129554323,0.27751975,0.592925928
27323,0.320856636,0.31369297,0.365450395
27324,0.118854573,0.164740869,0.716404558
27325,0.128385916,0.176814987,0.694799096
27326,0.118289955,0.198087902,0.683622143
27327,0.134594391,0.122205854,0.743199756
27328,0.274178513,0.13935272,0.586468767
27329,0.05873219,0.167901396,0.773366414
27330,0.083168074,0.109823093,0.807008833
27331,0.053121235,0.106367862,0.840510903
27332,0.093994599,0.161581439,0.744423962
27333,0.152021149,0.116551909,0.731426943
27334,0.111919385,0.162045492,0.726035123
27335,0.113819769,0.142682114,0.743498117
27336,0.170774242,0.190260184,0.638965574
27337,0.149739019,0.167498196,0.682762785
27338,0.071325781,0.14307523,0.785598988
27339,0.144241911,0.306633556,0.549124533
27340,0.030151363,0.057100568,0.912748069
27341,0.163055419,0.180436818,0.656507763
27342,0.149951624,0.367605097,0.482443279
27343,0.029643837,0.158230906,0.812125256
27344,0.091890953,0.346080718,0.562028328
27345,0.077989824,0.137859806,0.78415037
27346,0.045805004,0.175826138,0.778368857
27347,0.077378071,0.135504798,0.787117131
27348,0.092282975,0.179437539,0.728279485
27349,0.103385888,0.077630524,0.818983588
27350,0.092897523,0.1734846,0.733617877
27351,0.073759241,0.190380944,0.735859815
27352,0.06591177,0.116399413,0.817688816
27353,0.035271704,0.385089869,0.579638427
27354,0.03873131,0.189925312,0.771343378
27355,0.332701806,0.235760628,0.431537566
27356,0.148294679,0.209098037,0.642607285
27357,0.041780324,0.083854383,0.874365293
27358,0.050709273,0.095588415,0.853702313
27359,0.066947949,0.370776581,0.56227547
27360,0.183249979,0.164880786,0.651869235
27361,0.077290282,0.503446424,0.419263294
27362,0.107603121,0.110695156,0.781701724
27363,0.190012815,0.160127833,0.649859352
27364,0.126350054,0.077444353,0.796205593
27365,0.058539656,0.127711901,0.813748443
27366,0.06077226,0.069736929,0.869490811
27367,0.185339859,0.154394902,0.660265239
27368,0.124151676,0.115062649,0.760785674
27369,0.025388576,0.122482286,0.852129138
27370,0.347697633,0.649884066,0.002418301
27371,0.114823906,0.128420213,0.756755881
27372,0.093900948,0.147846882,0.75825217
27373,0.122093762,0.306022203,0.571884036
27374,0.123543449,0.131208166,0.745248385
27375,0.0861922,0.095452604,0.818355196
27376,0.068668847,0.178940489,0.752390664
27377,0.040953795,0.323412154,0.635634051
27378,0.239898588,0.755144061,0.004957351
27379,0.254490632,0.734849202,0.010660166
27380,0.159966382,0.176538594,0.663495025
27381,0.084313891,0.153659899,0.76202621
27382,0.127930285,0.208194217,0.663875499
27383,0.121538493,0.26300784,0.615453666
27384,0.121702298,0.289716894,0.588580808
27385,0.078433825,0.273546455,0.648019721
27386,0.062109403,0.142776806,0.795113791
27387,0.128260157,0.149915839,0.721824004
27388,0.247933932,0.185637486,0.566428582
27389,0.188482317,0.231562504,0.579955179
27390,0.12903922,0.135379378,0.735581402
27391,0.077674253,0.286592124,0.635733623
27392,0.079805174,0.096338534,0.823856292
27393,0.179174206,0.330132765,0.490693029
27394,0.089395136,0.225952366,0.684652499
27395,0.15412887,0.242334227,0.603536904
27396,0.277279587,0.705761969,0.016958444
27397,0.124335924,0.236268845,0.639395232
27398,0.056014254,0.046859523,0.897126223
27399,0.163836544,0.167026915,0.669136541
27400,0.031232776,0.120739347,0.848027877
27401,0.115515394,0.111245014,0.773239592
27402,0.118370722,0.520359182,0.361270096
27403,0.175901413,0.513487541,0.310611046
27404,0.14977032,0.107853604,0.742376075
27405,0.15158111,0.173419711,0.674999179
27406,0.03051577,0.246585938,0.722898293
27407,0.047426582,0.181889398,0.77068402
27408,0.085897345,0.120998586,0.793104069
27409,0.153379158,0.204269882,0.64235096
27410,0.06591177,0.116399413,0.817688816
27411,0.073479521,0.110933737,0.815586743
27412,0.090848879,0.125750537,0.783400584
27413,0.189581172,0.092071305,0.718347523
27414,0.134187803,0.197614198,0.668197998
27415,0.068395485,0.26285725,0.668747264
