index,0,1,2
26457,0.102560101,0.186663704,0.710776195
26458,0.184390606,0.287737552,0.527871842
26459,0.075715209,0.086076635,0.838208155
26460,0.084916227,0.090380428,0.824703346
26461,0.116444518,0.216892968,0.666662514
26462,0.061730954,0.126027636,0.81224141
26463,0.332902021,0.621901442,0.045196537
26464,0.088306354,0.098958291,0.812735354
26465,0.063462021,0.119366099,0.817171881
26466,0.0431129,0.327415092,0.629472008
26467,0.059390575,0.160183498,0.780425928
26468,0.054195248,0.092151416,0.853653337
26469,0.434175233,0.169110911,0.396713856
26470,0.191321775,0.183312246,0.625365979
26471,0.050442505,0.237482749,0.712074745
26472,0.091452037,0.230977712,0.677570251
26473,0.073900867,0.096269194,0.829829939
26474,0.189724413,0.797154322,0.013121265
26475,0.292002454,0.232320759,0.475676787
26476,0.057740277,0.154277682,0.787982041
26477,0.148283115,0.173726581,0.677990304
26478,0.080653249,0.089905732,0.829441019
26479,0.087514542,0.155319501,0.757165957
26480,0.071829401,0.113721291,0.814449307
26481,0.077565723,0.329289576,0.593144701
26482,0.199411568,0.078486819,0.722101613
26483,0.023805623,0.203573135,0.772621243
26484,0.133957601,0.270991238,0.595051161
26485,0.033280144,0.04650528,0.920214576
26486,0.090324754,0.206548117,0.703127129
26487,0.082175946,0.134198175,0.783625878
26488,0.14380249,0.809639955,0.046557555
26489,0.015544792,0.372933535,0.611521673
26490,0.095472519,0.260958477,0.643569004
26491,0.066818506,0.07013481,0.863046684
26492,0.074238625,0.333003083,0.592758292
26493,0.487782494,0.50554712,0.006670385
26494,0.125529974,0.144111208,0.730358818
26495,0.090201306,0.121600378,0.788198316
26496,0.092507888,0.131100919,0.776391193
26497,0.06747097,0.660212262,0.272316768
26498,0.195611923,0.440448403,0.363939675
26499,0.052719529,0.140304521,0.806975951
26500,0.0789595,0.475468069,0.445572431
26501,0.152985045,0.219857668,0.627157287
26502,0.041549719,0.042340881,0.916109399
26503,0.177020892,0.393648932,0.429330176
26504,0.121524598,0.269482149,0.608993253
26505,0.091570313,0.125212684,0.783217003
26506,0.169707589,0.775300468,0.054991942
26507,0.142881135,0.837110642,0.020008224
26508,0.161504239,0.295910532,0.542585228
26509,0.128126832,0.109404764,0.762468404
26510,0.045149643,0.294309585,0.660540772
26511,0.070876629,0.09291251,0.836210861
26512,0.100657559,0.170195888,0.729146553
26513,0.121183924,0.197871742,0.680944334
26514,0.047166491,0.100022966,0.852810543
26515,0.380337595,0.044695314,0.574967091
26516,0.024505741,0.350832064,0.624662195
26517,0.191427127,0.799475677,0.009097196
26518,0.096874051,0.139538186,0.763587762
26519,0.363804381,0.203336385,0.432859234
26520,0.027926757,0.754383888,0.217689355
26521,0.057478617,0.18635419,0.756167192
26522,0.147405473,0.196538878,0.65605565
26523,0.118343557,0.176252944,0.705403499
26524,0.091627982,0.320518365,0.587853653
26525,0.326887908,0.134005059,0.539107033
26526,0.041585892,0.116687945,0.841726163
26527,0.192018291,0.335338449,0.47264326
26528,0.139912827,0.847753011,0.012334162
26529,0.25473855,0.086834407,0.658427043
26530,0.077544176,0.166016376,0.756439448
26531,0.034329255,0.112718766,0.85295198
26532,0.197241329,0.070266051,0.73249262
26533,0.134723493,0.105146307,0.7601302
26534,0.076485984,0.118080072,0.805433944
26535,0.056786787,0.117918042,0.825295172
26536,0.125422472,0.241201829,0.633375699
26537,0.083674812,0.084650323,0.831674865
26538,0.10882425,0.279793155,0.611382595
26539,0.081259423,0.226107979,0.692632598
26540,0.178675387,0.345212834,0.476111779
26541,0.036408015,0.117323878,0.846268107
26542,0.10453915,0.166939081,0.728521769
26543,0.137424924,0.10936548,0.753209596
26544,0.193640937,0.171525923,0.63483314
26545,0.076984838,0.338925304,0.584089858
26546,0.05859652,0.1763648,0.76503868
26547,0.037435927,0.058033411,0.904530662
26548,0.102959822,0.053854172,0.843186007
26549,0.39150449,0.578924905,0.029570605
26550,0.032745882,0.236164832,0.731089286
26551,0.027436897,0.292466695,0.680096408
26552,0.058112794,0.214417248,0.727469958
26553,0.069736653,0.120024516,0.810238831
26554,0.223622708,0.400918956,0.375458336
26555,0.158450074,0.122052167,0.719497759
26556,0.039679301,0.309255429,0.651065269
26557,0.104299468,0.112708769,0.782991764
26558,0.430922873,0.139416362,0.429660765
26559,0.226416173,0.065749103,0.707834724
26560,0.12464403,0.19686774,0.67848823
26561,0.080747373,0.220462621,0.698790006
26562,0.075514145,0.090976689,0.833509166
26563,0.081582367,0.135027756,0.783389877
26564,0.045874998,0.100749969,0.853375033
26565,0.129302945,0.457233451,0.413463604
26566,0.197026082,0.193499718,0.6094742
26567,0.061156037,0.057855398,0.880988565
26568,0.219592593,0.731185052,0.049222355
26569,0.042421333,0.154595081,0.802983586
26570,0.166265393,0.26586213,0.567872477
26571,0.051034735,0.085582959,0.863382306
26572,0.147317213,0.276075647,0.57660714
26573,0.116131028,0.157736103,0.726132869
26574,0.193223877,0.104927213,0.70184891
26575,0.136567863,0.181969203,0.681462934
26576,0.108965677,0.067831364,0.823202958
26577,0.093776565,0.18601909,0.720204344
26578,0.122990167,0.372584997,0.504424835
26579,0.244058554,0.708880119,0.047061328
26580,0.110214132,0.207661628,0.68212424
26581,0.078437444,0.166887724,0.754674832
26582,0.037833022,0.036967466,0.925199512
26583,0.073061,0.109128427,0.817810572
26584,0.079688581,0.269866305,0.650445114
26585,0.076136221,0.541009816,0.382853964
26586,0.410364533,0.309766019,0.279869448
26587,0.210335672,0.34998668,0.439677648
26588,0.064752305,0.17408433,0.761163365
26589,0.078927742,0.093142258,0.82793
26590,0.091348626,0.397774829,0.510876545
26591,0.124042753,0.850045675,0.025911572
26592,0.265323883,0.151180113,0.583496003
26593,0.27436276,0.35839468,0.36724256
26594,0.128133952,0.220721139,0.651144909
26595,0.062319669,0.104125547,0.833554784
26596,0.095383876,0.139058635,0.765557489
26597,0.083700083,0.488739274,0.427560644
26598,0.068843531,0.1624434,0.768713069
26599,0.110015135,0.097607101,0.792377764
26600,0.071619677,0.085695201,0.842685122
26601,0.068377384,0.182466082,0.749156534
26602,0.113757206,0.183621014,0.70262178
26603,0.129759393,0.180466406,0.6897742
26604,0.100301053,0.24839227,0.651306678
26605,0.06271162,0.080497575,0.856790805
26606,0.156032672,0.306733729,0.537233599
26607,0.122643956,0.869342849,0.008013194
26608,0.072240185,0.180308599,0.747451216
26609,0.094359847,0.095001813,0.81063834
26610,0.240430006,0.734368378,0.025201617
26611,0.139451861,0.244400956,0.616147182
26612,0.093566896,0.261809311,0.644623793
26613,0.099879317,0.175819465,0.724301218
26614,0.057658185,0.139397305,0.80294451
26615,0.105652244,0.217689308,0.676658447
26616,0.059237507,0.060876268,0.879886225
26617,0.172588002,0.168462601,0.658949397
26618,0.128799762,0.131783008,0.73941723
26619,0.127891017,0.28249593,0.589613053
26620,0.11550815,0.878199771,0.006292078
26621,0.035920626,0.053148873,0.910930501
26622,0.097083738,0.320479438,0.582436825
26623,0.026469842,0.483074414,0.490455744
26624,0.051123233,0.15497191,0.793904856
26625,0.586543047,0.102159855,0.311297098
26626,0.207761129,0.13833221,0.653906661
26627,0.072226959,0.103531877,0.824241163
26628,0.05107142,0.143056016,0.805872565
26629,0.046592774,0.074314959,0.879092267
26630,0.079297624,0.167463289,0.753239086
26631,0.086814423,0.123662758,0.78952282
26632,0.228566666,0.181711796,0.589721538
26633,0.071433367,0.147138481,0.781428152
26634,0.063288353,0.138214167,0.79849748
26635,0.054388995,0.247132213,0.698478793
26636,0.083482888,0.349958476,0.566558637
26637,0.015378647,0.099920696,0.884700657
26638,0.097454256,0.598481181,0.304064563
26639,0.290246003,0.473450678,0.236303319
26640,0.060041041,0.126623497,0.813335462
26641,0.100986609,0.642772779,0.256240612
26642,0.056792236,0.085422035,0.857785729
26643,0.113814833,0.258772895,0.627412272
26644,0.110910379,0.213550121,0.675539501
26645,0.089447084,0.135003577,0.775549339
26646,0.601625803,0.152815048,0.245559149
26647,0.092613847,0.107282038,0.800104115
26648,0.112921837,0.520305349,0.366772814
26649,0.079419599,0.115380908,0.805199492
26650,0.486054422,0.505250147,0.00869543
26651,0.309747853,0.641469448,0.048782699
26652,0.244781026,0.107749024,0.64746995
26653,0.187087458,0.107075981,0.705836561
26654,0.1612655,0.442613189,0.396121311
26655,0.077785434,0.290453905,0.631760661
26656,0.093262059,0.175949412,0.73078853
26657,0.152280952,0.20960073,0.638118318
26658,0.074168369,0.293783285,0.632048347
26659,0.239346676,0.228791496,0.531861828
26660,0.108119602,0.342076041,0.549804358
26661,0.079296714,0.165912141,0.754791145
26662,0.049143131,0.313617551,0.637239318
26663,0.091780467,0.266127931,0.642091602
26664,0.150554782,0.139815657,0.709629561
26665,0.26270826,0.16916577,0.568125971
26666,0.058652286,0.45649373,0.484853984
26667,0.053558577,0.100551242,0.845890181
26668,0.047758453,0.607645804,0.344595743
26669,0.1812296,0.271914194,0.546856206
26670,0.199845347,0.233713634,0.566441019
26671,0.069262965,0.167558303,0.763178732
26672,0.080451012,0.118670874,0.800878113
26673,0.138828057,0.15941914,0.701752803
26674,0.375949079,0.076717672,0.547333248
26675,0.095252939,0.218645312,0.68610175
26676,0.069468109,0.147172351,0.78335954
26677,0.052264746,0.059834911,0.887900342
26678,0.136615563,0.348891941,0.514492497
26679,0.180886277,0.176020639,0.643093084
26680,0.102927215,0.12445504,0.772617745
26681,0.082230136,0.098991141,0.818778723
26682,0.061877695,0.120139509,0.817982797
26683,0.034508509,0.3701059,0.595385591
26684,0.04334984,0.113784638,0.842865522
26685,0.148947526,0.177199479,0.673852996
26686,0.071212485,0.122768528,0.806018987
26687,0.153336607,0.065667455,0.780995938
26688,0.289281406,0.472428702,0.238289892
26689,0.061425014,0.144716821,0.793858165
26690,0.027845568,0.10581295,0.866341482
26691,0.132294705,0.204633751,0.663071544
26692,0.030153312,0.291710941,0.678135747
26693,0.405557207,0.153573732,0.440869061
26694,0.45871596,0.516788509,0.024495531
26695,0.090434605,0.112105614,0.797459781
26696,0.066460871,0.114230484,0.819308644
26697,0.082207055,0.075989891,0.841803054
26698,0.051649864,0.052969769,0.895380367
26699,0.123715401,0.343650343,0.532634256
26700,0.064317743,0.303353286,0.63232897
26701,0.129484967,0.363637168,0.506877865
26702,0.167070595,0.330256535,0.50267287
26703,0.097369339,0.28249705,0.620133612
26704,0.060684283,0.160545129,0.778770588
26705,0.075022482,0.073557933,0.851419584
26706,0.075194681,0.14033857,0.784466748
26707,0.328832843,0.134902659,0.536264498
26708,0.075786179,0.130184596,0.794029226
26709,0.070899667,0.07640267,0.852697663
26710,0.155620616,0.247423835,0.596955549
26711,0.105805325,0.147255904,0.74693877
26712,0.061222256,0.224757015,0.714020729
26713,0.179886088,0.33935819,0.480755722
26714,0.112334096,0.205957544,0.68170836
26715,0.078225269,0.337706637,0.584068094
26716,0.110866561,0.537951499,0.35118194
26717,0.069011354,0.221575135,0.709413511
26718,0.074832411,0.179116365,0.746051225
26719,0.140099128,0.341566917,0.518333956
26720,0.157566154,0.141759667,0.70067418
26721,0.038632038,0.355102457,0.606265505
26722,0.185024229,0.174763837,0.640211935
26723,0.148426051,0.14117792,0.710396029
26724,0.122196565,0.413082366,0.464721069
26725,0.057516881,0.304660691,0.637822427
26726,0.160091799,0.431158906,0.408749295
26727,0.075453208,0.105665451,0.818881341
26728,0.067195824,0.309817195,0.622986981
26729,0.134590538,0.237316778,0.628092684
26730,0.20797902,0.592477066,0.199543913
26731,0.094019759,0.142997227,0.762983015
26732,0.159208636,0.817874166,0.022917198
26733,0.099032106,0.091964049,0.809003846
26734,0.091096267,0.182231645,0.726672088
26735,0.036429025,0.120461746,0.843109229
26736,0.124923529,0.199414219,0.675662252
26737,0.152296321,0.170825931,0.676877748
26738,0.053967327,0.113898201,0.832134471
26739,0.311657973,0.140072744,0.548269283
26740,0.06491107,0.131580756,0.803508173
26741,0.144153784,0.812202304,0.043643912
26742,0.062747891,0.268715538,0.668536571
26743,0.119514355,0.088118832,0.792366814
26744,0.1437219,0.210439486,0.645838614
26745,0.051765609,0.123603519,0.824630872
26746,0.264599832,0.18699671,0.548403458
26747,0.10452004,0.377879882,0.517600077
26748,0.247441112,0.364633882,0.387925006
26749,0.041497451,0.213578034,0.744924514
26750,0.088849965,0.079872303,0.831277732
26751,0.098059586,0.20817305,0.693767363
26752,0.089640738,0.521005957,0.389353305
26753,0.088324833,0.121135144,0.790540023
26754,0.137575581,0.052156123,0.810268296
26755,0.061707942,0.109042042,0.829250016
26756,0.131434231,0.091489251,0.777076517
26757,0.050800229,0.149685141,0.79951463
26758,0.16272604,0.246762776,0.590511184
26759,0.07963789,0.355584201,0.564777909
26760,0.230332828,0.2784232,0.491243971
26761,0.055075924,0.146333735,0.798590341
26762,0.099563573,0.111294347,0.789142079
26763,0.087566559,0.157654357,0.754779084
26764,0.077680716,0.207305291,0.715013993
26765,0.114287534,0.099098122,0.786614343
26766,0.078437154,0.48823627,0.433326575
26767,0.11476591,0.14872224,0.73651185
26768,0.097195509,0.879282117,0.023522374
26769,0.12040655,0.263623798,0.615969652
26770,0.200889821,0.349592969,0.44951721
26771,0.186941115,0.786365295,0.02669359
26772,0.455925191,0.110390467,0.433684342
26773,0.117671768,0.176596907,0.705731325
26774,0.119134342,0.175484407,0.705381251
26775,0.063112138,0.263784434,0.673103428
26776,0.060139582,0.070200145,0.869660272
26777,0.142201479,0.097738668,0.760059853
26778,0.063778895,0.119651309,0.816569796
26779,0.07940812,0.096966274,0.823625605
26780,0.103374414,0.196289599,0.700335988
26781,0.031717123,0.169876426,0.798406451
26782,0.063379783,0.088070312,0.848549904
26783,0.230291328,0.165350734,0.604357938
26784,0.082121473,0.511707813,0.406170714
26785,0.062979269,0.190560627,0.746460104
26786,0.42518997,0.082486436,0.492323594
26787,0.018250273,0.024878632,0.956871095
26788,0.174976488,0.161420491,0.66360302
26789,0.136691497,0.316545015,0.546763488
26790,0.059619096,0.242763547,0.697617357
26791,0.0507055,0.087935498,0.861359002
26792,0.123057317,0.192323714,0.684618969
26793,0.031971504,0.210373831,0.757654665
26794,0.064599841,0.160437574,0.774962586
26795,0.126836975,0.245527644,0.627635381
26796,0.239191638,0.735624907,0.025183455
26797,0.06925165,0.357952687,0.572795663
26798,0.338533508,0.163068789,0.498397703
26799,0.062229354,0.149222363,0.788548284
26800,0.096640913,0.860990213,0.042368874
26801,0.038439648,0.635459885,0.326100467
26802,0.140852082,0.138137512,0.721010406
26803,0.067065465,0.183469276,0.749465259
26804,0.073406468,0.224414934,0.702178599
26805,0.049658705,0.116616113,0.833725182
26806,0.048690091,0.193876666,0.757433243
26807,0.037162978,0.067126505,0.895710517
26808,0.07925766,0.29745036,0.62329198
26809,0.090793749,0.180350367,0.728855885
26810,0.059413589,0.272353045,0.668233366
26811,0.061718275,0.093766283,0.844515442
26812,0.064296506,0.098145819,0.837557676
26813,0.149533854,0.345374895,0.50509125
26814,0.117401842,0.143074061,0.739524097
26815,0.105648405,0.260294681,0.634056914
26816,0.063416654,0.37361227,0.562971076
26817,0.111859986,0.075714719,0.812425296
26818,0.142670935,0.123317127,0.734011938
26819,0.042960319,0.316044068,0.640995612
26820,0.260502366,0.721739516,0.017758118
26821,0.195224402,0.786555962,0.018219636
26822,0.119930493,0.234074951,0.645994556
26823,0.076293171,0.168154574,0.755552255
26824,0.056367833,0.125220972,0.818411196
26825,0.089069647,0.139911593,0.77101876
26826,0.077301703,0.122723115,0.799975182
26827,0.060865327,0.142784023,0.796350649
26828,0.112040452,0.163029126,0.724930422
26829,0.047128921,0.096729393,0.856141686
26830,0.064501227,0.123236216,0.812262557
26831,0.099562516,0.108680739,0.791756745
26832,0.034586414,0.098217124,0.867196463
26833,0.06755793,0.104272445,0.828169624
26834,0.070203391,0.240585147,0.689211462
26835,0.633503704,0.073706339,0.292789957
26836,0.163055828,0.45282977,0.384114401
26837,0.125141083,0.103196425,0.771662492
26838,0.107113724,0.269354029,0.623532247
26839,0.518622505,0.098989077,0.382388418
26840,0.194369158,0.225749201,0.579881641
26841,0.058835616,0.108263557,0.832900827
26842,0.048806094,0.115025859,0.836168047
26843,0.101045066,0.140051043,0.758903891
26844,0.090974434,0.375456727,0.533568839
26845,0.347378382,0.106526919,0.5460947
26846,0.086805815,0.133567598,0.779626587
26847,0.140794454,0.254777317,0.604428229
26848,0.126064689,0.134536567,0.739398744
26849,0.163457717,0.187588767,0.648953516
26850,0.103003442,0.256516071,0.640480487
26851,0.112997897,0.282883238,0.604118866
26852,0.089567225,0.471342302,0.439090473
26853,0.050655732,0.078221847,0.871122421
26854,0.15938431,0.797138375,0.043477315
26855,0.072096903,0.302417115,0.625485982
26856,0.151998276,0.149799692,0.698202032
26857,0.115365198,0.268197292,0.616437511
26858,0.067190777,0.686190112,0.246619111
26859,0.050759792,0.57580255,0.373437658
26860,0.101882419,0.554677922,0.343439659
26861,0.106238158,0.277129347,0.616632495
26862,0.092715106,0.193988073,0.713296821
26863,0.039319921,0.101213298,0.859466781
26864,0.06638668,0.272056213,0.661557107
26865,0.094997925,0.152600926,0.752401149
26866,0.044689819,0.112935084,0.842375096
26867,0.16651429,0.131524086,0.701961624
26868,0.100236277,0.118085345,0.781678378
26869,0.031401691,0.047317527,0.921280782
26870,0.055515189,0.61627429,0.328210521
26871,0.139355315,0.099302932,0.761341753
26872,0.088141193,0.231700088,0.680158719
26873,0.077354384,0.196654814,0.725990802
26874,0.103085871,0.408661259,0.488252871
26875,0.048827849,0.161481171,0.78969098
26876,0.047448536,0.183864667,0.768686797
26877,0.058646894,0.104012423,0.837340682
26878,0.141429037,0.239748592,0.618822371
26879,0.063640804,0.213336442,0.723022754
26880,0.281268281,0.10689156,0.611840159
26881,0.054665664,0.197641763,0.747692573
26882,0.427970777,0.121640268,0.450388955
26883,0.059134033,0.197048693,0.743817274
26884,0.056537862,0.536190089,0.40727205
26885,0.194393879,0.101329769,0.704276352
26886,0.045091386,0.075894187,0.879014427
26887,0.127821199,0.123578442,0.748600359
26888,0.178051482,0.167953172,0.653995346
26889,0.071427244,0.128679975,0.799892781
26890,0.118074668,0.274995511,0.606929821
26891,0.156690468,0.395414898,0.447894633
26892,0.125313558,0.20250996,0.672176482
26893,0.062315442,0.138955004,0.798729554
26894,0.066285373,0.16852765,0.765186977
26895,0.106761161,0.255136332,0.638102507
26896,0.108824949,0.220868056,0.670306996
26897,0.066757729,0.156656346,0.776585925
26898,0.071139864,0.10279515,0.826064986
26899,0.110403949,0.209782554,0.679813496
26900,0.060335881,0.288310688,0.651353432
26901,0.031063762,0.274723273,0.694212964
26902,0.070241008,0.051289202,0.87846979
26903,0.130540491,0.173312617,0.696146893
26904,0.19989185,0.74120209,0.05890606
26905,0.099557074,0.189538723,0.710904203
26906,0.055431743,0.093308467,0.851259789
26907,0.070530233,0.069661168,0.859808599
26908,0.049946625,0.314339215,0.63571416
26909,0.074883572,0.484995882,0.440120546
26910,0.096413181,0.338731669,0.564855151
26911,0.091643919,0.15278398,0.755572101
26912,0.094078622,0.121942668,0.78397871
26913,0.287337929,0.105810435,0.606851636
26914,0.037610038,0.187010754,0.775379207
26915,0.128375698,0.164979724,0.706644578
26916,0.202158163,0.768318084,0.029523753
26917,0.031963891,0.129767732,0.838268378
26918,0.100341298,0.171630243,0.728028459
26919,0.510731444,0.165776753,0.323491803
26920,0.068253969,0.215529547,0.716216484
26921,0.022154282,0.65500025,0.322845469
26922,0.128015081,0.431400674,0.440584244
26923,0.07737387,0.090230047,0.832396084
26924,0.179714755,0.185043889,0.635241356
26925,0.055317201,0.089044664,0.855638134
26926,0.136553335,0.323468932,0.539977732
26927,0.148095191,0.266374328,0.585530481
26928,0.101280235,0.89226089,0.006458874
26929,0.081159225,0.197337221,0.721503554
26930,0.068898264,0.527886144,0.403215592
26931,0.236879849,0.727689264,0.035430887
26932,0.09475235,0.466240074,0.439007576
26933,0.331753119,0.133369946,0.534876936
26934,0.091254383,0.183371452,0.725374165
26935,0.086327164,0.119179062,0.794493774
26936,0.057546322,0.077384281,0.865069398
26937,0.098576822,0.218249505,0.683173673
26938,0.324917732,0.637234982,0.037847286
26939,0.209611981,0.737399131,0.052988889
26940,0.132206394,0.244326682,0.623466923
26941,0.066639072,0.17959135,0.753769578
26942,0.143139219,0.231870266,0.624990515
26943,0.062860693,0.32066696,0.616472347
26944,0.115413955,0.165927252,0.718658793
26945,0.137950201,0.436079061,0.425970737
26946,0.047442306,0.126367255,0.826190439
26947,0.045286942,0.235466506,0.719246551
26948,0.114847732,0.242445623,0.642706645
26949,0.29068626,0.07981132,0.62950242
26950,0.17285109,0.129503176,0.697645734
26951,0.292116556,0.299454535,0.408428909
26952,0.144743482,0.181688474,0.673568044
26953,0.039237525,0.031732375,0.9290301
26954,0.057284041,0.142766267,0.799949692
26955,0.076993845,0.536600748,0.386405407
26956,0.130116309,0.239705117,0.630178573
26957,0.572632356,0.13615045,0.291217194
26958,0.231435697,0.213160555,0.555403748
26959,0.067759207,0.202030492,0.730210302
26960,0.091314306,0.204589135,0.704096559
26961,0.071551724,0.12137692,0.807071356
26962,0.079190434,0.418448855,0.502360712
26963,0.405557207,0.153573732,0.440869061
26964,0.077596427,0.277237193,0.64516638
26965,0.070887129,0.376430308,0.552682563
26966,0.108824949,0.220868056,0.670306996
26967,0.061228176,0.115971412,0.822800412
26968,0.063085862,0.220495316,0.716418822
26969,0.074428191,0.141808472,0.783763337
26970,0.141511215,0.128771157,0.729717628
26971,0.079444635,0.297969272,0.622586093
26972,0.099853502,0.392648246,0.507498251
26973,0.083269105,0.176990562,0.739740333
26974,0.11186564,0.137625272,0.750509088
26975,0.06802005,0.064724534,0.867255416
26976,0.148257232,0.830673796,0.021068972
26977,0.08045681,0.204926604,0.714616586
26978,0.047310569,0.237057953,0.715631479
26979,0.125202922,0.279666959,0.595130119
26980,0.103239599,0.151262631,0.74549777
26981,0.092267458,0.420768394,0.486964147
26982,0.067226813,0.204213927,0.72855926
26983,0.095817806,0.175592505,0.728589689
26984,0.103897984,0.148638538,0.747463478
26985,0.107898148,0.306720791,0.585381062
26986,0.107753906,0.041949563,0.850296531
26987,0.068078217,0.596298998,0.335622785
26988,0.146880163,0.379457859,0.473661979
26989,0.14609799,0.231621923,0.622280088
26990,0.082350479,0.075202798,0.842446723
26991,0.046392574,0.075189772,0.878417654
26992,0.143675689,0.395444354,0.460879956
26993,0.03656998,0.100658699,0.86277132
26994,0.150213292,0.183932336,0.665854372
26995,0.084738102,0.159218464,0.756043434
26996,0.071111046,0.138509333,0.790379621
26997,0.255950562,0.477854902,0.266194536
26998,0.223382207,0.138885995,0.637731798
26999,0.261531848,0.149155132,0.58931302
27000,0.073628117,0.465508629,0.460863254
27001,0.065884326,0.335341035,0.598774639
27002,0.086768283,0.31195427,0.601277446
27003,0.153177703,0.215369839,0.631452458
27004,0.082465892,0.171818488,0.74571562
27005,0.141721707,0.355375711,0.502902582
27006,0.067002391,0.100591863,0.832405746
27007,0.117277289,0.421236277,0.461486434
27008,0.159458615,0.232500337,0.608041048
27009,0.065159596,0.231065283,0.703775121
27010,0.103919072,0.266771651,0.629309277
27011,0.213030913,0.459012819,0.327956268
27012,0.076840761,0.066782688,0.856376551
27013,0.170682879,0.163413425,0.665903696
27014,0.110283231,0.35630496,0.533411809
27015,0.140916609,0.315293745,0.543789646
27016,0.068914534,0.127110349,0.803975117
27017,0.082644091,0.142624242,0.774731667
27018,0.125827214,0.115535641,0.758637146
27019,0.117766608,0.193299404,0.688933987
27020,0.030322813,0.367422065,0.602255122
27021,0.052583657,0.379504749,0.567911594
27022,0.029724242,0.110219153,0.860056605
27023,0.141874516,0.350452766,0.507672718
27024,0.113138593,0.208777891,0.678083516
27025,0.21781744,0.078421022,0.703761539
27026,0.0634635,0.187545026,0.748991474
27027,0.105604244,0.054743397,0.839652359
27028,0.220315162,0.168073261,0.611611577
27029,0.060790369,0.169989686,0.769219945
27030,0.199332308,0.663024941,0.13764275
27031,0.344192656,0.259138646,0.396668697
27032,0.248551606,0.122312086,0.629136308
27033,0.068690221,0.100650045,0.830659734
27034,0.178470042,0.19808781,0.623442149
27035,0.6034037,0.086825386,0.309770913
27036,0.039081946,0.068201947,0.892716107
27037,0.198693931,0.158877087,0.642428982
27038,0.045055753,0.103126746,0.8518175
27039,0.287968546,0.220769908,0.491261546
27040,0.126696914,0.109405988,0.763897097
27041,0.022553358,0.071522475,0.905924167
27042,0.24615712,0.738646464,0.015196417
27043,0.105421218,0.118217099,0.776361683
27044,0.032880981,0.034747718,0.932371301
27045,0.071686927,0.15403605,0.774277023
27046,0.080803985,0.156744382,0.762451633
27047,0.134380244,0.387837748,0.477782008
27048,0.298941096,0.689963786,0.011095118
27049,0.142754571,0.454310125,0.402935304
27050,0.090123058,0.162925634,0.746951308
27051,0.095234522,0.39436056,0.510404918
27052,0.072692431,0.162857218,0.764450351
27053,0.107252649,0.23066581,0.662081541
27054,0.126421931,0.128300562,0.745277507
27055,0.211500588,0.779822212,0.008677201
27056,0.224682621,0.741808081,0.033509298
27057,0.054144302,0.248551103,0.697304595
27058,0.262671627,0.324885961,0.412442412
27059,0.097238802,0.165847752,0.736913446
27060,0.105210879,0.242821623,0.651967498
27061,0.391533217,0.169351476,0.439115307
27062,0.20235809,0.110002622,0.687639288
27063,0.067852012,0.143840365,0.788307623
27064,0.02234414,0.036728225,0.940927635
27065,0.111608577,0.340754832,0.547636591
27066,0.086694766,0.122573269,0.790731965
27067,0.126469866,0.141692441,0.731837693
27068,0.447608829,0.119875787,0.432515384
27069,0.02106261,0.103172378,0.875765012
27070,0.044946801,0.072427567,0.882625632
27071,0.087735832,0.101700409,0.810563759
27072,0.044787091,0.378953749,0.57625916
27073,0.066081908,0.163667935,0.770250157
27074,0.084003694,0.310669794,0.605326512
27075,0.180928346,0.217808713,0.601262942
27076,0.162340359,0.198587805,0.639071837
27077,0.080704691,0.111186117,0.808109191
27078,0.045828727,0.073085955,0.881085318
27079,0.092576374,0.127074977,0.78034865
27080,0.061784554,0.588941047,0.349274399
27081,0.092134966,0.060712154,0.84715288
27082,0.093053657,0.109570141,0.797376201
27083,0.081050859,0.160046809,0.758902332
27084,0.101232276,0.445733246,0.453034478
27085,0.103882937,0.058711533,0.83740553
27086,0.256061726,0.177698639,0.566239635
27087,0.105017023,0.192524431,0.702458546
27088,0.044916569,0.108076148,0.847007283
27089,0.080804947,0.128964538,0.790230515
27090,0.048807996,0.138784647,0.812407357
27091,0.150875008,0.378362594,0.470762398
27092,0.205145608,0.755632076,0.039222315
27093,0.187908485,0.3958634,0.416228115
27094,0.241873967,0.114292543,0.64383349
27095,0.052677997,0.075091523,0.87223048
27096,0.211423158,0.571796477,0.216780365
27097,0.131635345,0.436079767,0.432284888
27098,0.079240868,0.318156147,0.602602984
27099,0.077818818,0.077076972,0.84510421
27100,0.064428971,0.103938312,0.831632717
27101,0.083730482,0.328460986,0.587808532
27102,0.056704537,0.15927127,0.784024193
27103,0.051069949,0.262620329,0.686309722
27104,0.138252909,0.137890045,0.723857046
27105,0.132091745,0.087690743,0.780217511
27106,0.03977392,0.101001815,0.859224265
27107,0.076257958,0.173481375,0.750260667
27108,0.071055514,0.190137061,0.738807425
27109,0.160683471,0.186808784,0.652507746
27110,0.221324425,0.091904651,0.686770924
27111,0.08666043,0.172315012,0.741024558
27112,0.664661727,0.057302007,0.278036266
27113,0.055127608,0.104894412,0.83997798
27114,0.180795653,0.117090322,0.702114024
27115,0.200753721,0.411571963,0.387674315
27116,0.122944473,0.305442678,0.571612849
27117,0.126242126,0.659222783,0.214535091
27118,0.024166478,0.095073827,0.880759695
27119,0.081724062,0.625664138,0.2926118
27120,0.235806344,0.757759168,0.006434488
27121,0.138626326,0.83833811,0.023035564
27122,0.095396811,0.231030884,0.673572305
27123,0.080941033,0.125817068,0.793241898
27124,0.298285422,0.201040575,0.500674003
27125,0.087809689,0.110519432,0.801670879
27126,0.067774124,0.136347742,0.795878134
27127,0.122398434,0.128508208,0.749093358
27128,0.057865918,0.170782209,0.771351873
27129,0.264738047,0.128958349,0.606303603
27130,0.168831187,0.125954311,0.705214502
27131,0.297779604,0.054289041,0.647931355
27132,0.150686299,0.155514708,0.693798994
27133,0.057887511,0.339176161,0.602936328
27134,0.081038993,0.346007287,0.57295372
27135,0.21819124,0.754641386,0.027167374
27136,0.203922762,0.301198275,0.494878963
27137,0.068545386,0.148635108,0.782819506
27138,0.269994929,0.303602061,0.42640301
27139,0.10227055,0.184255924,0.713473526
27140,0.422231043,0.095405484,0.482363473
27141,0.140996909,0.278182526,0.580820565
27142,0.347760839,0.204879905,0.447359255
27143,0.082780156,0.109131255,0.808088589
27144,0.107570538,0.114424136,0.778005326
27145,0.383356897,0.177025125,0.439617978
27146,0.039087131,0.066380402,0.894532467
27147,0.134982736,0.164146348,0.700870916
27148,0.063789913,0.130562483,0.805647604
27149,0.063111868,0.233751532,0.7031366
27150,0.063508673,0.086948322,0.849543005
27151,0.098986291,0.1725774,0.728436309
27152,0.161354793,0.125490905,0.713154303
27153,0.018267847,0.053231124,0.928501028
27154,0.048989303,0.277849136,0.673161561
27155,0.095457042,0.192482645,0.712060313
27156,0.169970474,0.204628977,0.625400549
27157,0.078645679,0.155482926,0.765871394
27158,0.032979223,0.050129134,0.916891643
27159,0.04251624,0.082943293,0.874540467
27160,0.067797231,0.104930549,0.827272221
27161,0.261951376,0.116748404,0.62130022
27162,0.171811804,0.326060295,0.502127901
27163,0.053593137,0.097456342,0.848950521
27164,0.059530494,0.152828612,0.787640894
27165,0.052708046,0.06190486,0.885387094
27166,0.092314926,0.157628109,0.750056965
27167,0.052761818,0.127633098,0.819605084
27168,0.143129626,0.208625777,0.648244596
27169,0.03563266,0.048559557,0.915807783
27170,0.445513049,0.090181605,0.464305346
27171,0.077167758,0.266737271,0.656094971
27172,0.03947237,0.124276691,0.836250939
27173,0.088036375,0.183531296,0.72843233
27174,0.037685919,0.411235855,0.551078226
27175,0.491709679,0.099372797,0.408917524
27176,0.05523165,0.197945917,0.746822433
27177,0.086824809,0.267469789,0.645705402
27178,0.07413225,0.161928621,0.76393913
27179,0.091990475,0.172729485,0.73528004
27180,0.056763595,0.080788586,0.862447819
27181,0.321392612,0.095701427,0.582905961
27182,0.052486298,0.114579271,0.832934432
27183,0.096599249,0.214551983,0.688848768
27184,0.082287594,0.101550744,0.816161662
27185,0.081289279,0.131886276,0.786824445
27186,0.115773512,0.245634665,0.638591823
27187,0.110404055,0.180003413,0.709592532
27188,0.043263733,0.230473876,0.726262391
27189,0.023767804,0.082235191,0.893997004
27190,0.245247068,0.062807482,0.691945449
27191,0.255111618,0.718288171,0.026600211
27192,0.132084399,0.169330905,0.698584696
27193,0.053789186,0.147283509,0.798927305
27194,0.156735295,0.147163181,0.696101524
27195,0.037386667,0.069665775,0.892947558
27196,0.064263771,0.130111712,0.805624516
27197,0.181547956,0.201599042,0.616853002
27198,0.038253957,0.04313133,0.918614713
27199,0.08683233,0.127779403,0.785388267
27200,0.057744013,0.50930187,0.432954117
27201,0.080616804,0.253677844,0.665705351
27202,0.065144021,0.170599012,0.764256967
27203,0.062266711,0.087895128,0.849838161
27204,0.398349782,0.187796971,0.413853247
27205,0.102536206,0.134987177,0.762476617
27206,0.068280828,0.118676824,0.813042348
27207,0.096278545,0.139491039,0.764230416
27208,0.189639719,0.173072457,0.637287823
27209,0.263967645,0.161538213,0.574494141
27210,0.117163062,0.230141883,0.652695055
27211,0.082786818,0.228034706,0.689178476
27212,0.026542197,0.055370827,0.918086975
27213,0.062337383,0.11878562,0.818876998
27214,0.108423103,0.187291743,0.704285153
27215,0.144618323,0.170671263,0.684710414
27216,0.040353837,0.043791656,0.915854507
27217,0.531879091,0.124893994,0.343226916
27218,0.11879748,0.25932748,0.62187504
27219,0.14600576,0.142683536,0.711310704
27220,0.073225735,0.314961143,0.611813121
27221,0.390980271,0.173632646,0.435387083
27222,0.342606889,0.621376524,0.036016587
27223,0.09049873,0.156042713,0.753458557
27224,0.115418432,0.210434575,0.674146993
27225,0.061152634,0.109019444,0.829827922
27226,0.574353408,0.376480216,0.049166376
27227,0.235097136,0.751419307,0.013483557
27228,0.046001312,0.435504579,0.518494109
27229,0.090586428,0.182421269,0.726992302
27230,0.238413695,0.100122717,0.661463588
27231,0.058586639,0.08064425,0.860769111
27232,0.164416638,0.405652557,0.429930805
27233,0.268712559,0.325961934,0.405325507
27234,0.040716262,0.080051654,0.879232084
27235,0.052460052,0.115667642,0.831872306
27236,0.124124039,0.1522913,0.72358466
27237,0.165496402,0.511278004,0.323225594
27238,0.048550644,0.418451295,0.532998061
27239,0.052008177,0.218404755,0.729587068
27240,0.199104668,0.767261195,0.033634137
27241,0.131525368,0.31615475,0.552319883
27242,0.151692844,0.096454123,0.751853033
27243,0.306779832,0.14457417,0.548645998
27244,0.115702577,0.170193758,0.714103666
27245,0.065758654,0.059673077,0.874568269
27246,0.068416695,0.095045364,0.836537941
27247,0.154716199,0.163788406,0.681495394
27248,0.075207426,0.49425464,0.430537934
27249,0.042593446,0.091775161,0.865631393
27250,0.14131471,0.215874275,0.642811015
27251,0.088366472,0.21361896,0.698014569
27252,0.160151876,0.254278016,0.585570108
27253,0.109707753,0.358379374,0.531912873
27254,0.064172556,0.206784157,0.729043287
27255,0.086369913,0.164589679,0.749040408
27256,0.153039199,0.27071838,0.576242421
27257,0.327692257,0.105665609,0.566642134
27258,0.138164586,0.232473996,0.629361419
27259,0.126657251,0.275835903,0.597506847
27260,0.156205176,0.242167797,0.601627027
27261,0.147042493,0.210658512,0.642298996
27262,0.094805358,0.511656521,0.393538121
27263,0.169750247,0.415064288,0.415185465
27264,0.068635768,0.23513728,0.696226953
27265,0.048554275,0.036672294,0.914773431
27266,0.131998582,0.120312791,0.747688627
27267,0.210103092,0.290908139,0.498988769
27268,0.073099674,0.150441527,0.776458799
27269,0.111147509,0.141637729,0.747214761
27270,0.064097402,0.10296365,0.832938948
27271,0.13352463,0.252973853,0.613501517
27272,0.11880235,0.137755107,0.743442543
27273,0.113959119,0.171030931,0.71500995
27274,0.192859082,0.109240135,0.697900783
27275,0.04074651,0.120178492,0.839074998
27276,0.163329644,0.156325922,0.680344433
27277,0.081958687,0.071475489,0.846565824
27278,0.053258351,0.21402713,0.732714519
27279,0.193928409,0.107823248,0.698248344
27280,0.057743906,0.297220408,0.645035686
27281,0.446586531,0.125214388,0.428199081
27282,0.05024869,0.222195643,0.727555666
27283,0.19046423,0.792739371,0.016796399
27284,0.073079097,0.898573538,0.028347366
27285,0.184550418,0.269686117,0.545763465
27286,0.080896974,0.240437253,0.678665773
27287,0.150287664,0.145362389,0.704349947
27288,0.102393101,0.130353235,0.767253665
27289,0.053105806,0.225590494,0.7213037
27290,0.064604754,0.243788285,0.691606961
27291,0.129849765,0.123743488,0.746406747
27292,0.063282084,0.55792923,0.378788686
27293,0.146303956,0.176305233,0.677390812
27294,0.088006945,0.173257507,0.738735548
27295,0.040419819,0.190448958,0.769131223
27296,0.075187559,0.380535915,0.544276526
27297,0.234558618,0.184822126,0.580619256
27298,0.057285178,0.294728345,0.647986478
27299,0.11578679,0.17692732,0.707285891
27300,0.27480281,0.144649083,0.580548107
27301,0.07277919,0.184663175,0.742557635
27302,0.175629435,0.546541702,0.277828862
27303,0.171251673,0.061627643,0.767120684
27304,0.08614862,0.236514744,0.677336636
27305,0.069314387,0.120651578,0.810034035
27306,0.157327363,0.053946095,0.788726542
27307,0.047943363,0.135753046,0.816303591
27308,0.158216689,0.134129513,0.707653799
27309,0.090409386,0.123275493,0.786315121
27310,0.094054336,0.155140877,0.750804787
27311,0.107885709,0.159030467,0.733083825
27312,0.087226972,0.123856615,0.788916413
27313,0.089830289,0.235337524,0.674832188
27314,0.08808106,0.139698422,0.772220518
27315,0.046483615,0.121695887,0.831820498
27316,0.018327366,0.044139552,0.937533082
27317,0.177230754,0.812160718,0.010608529
27318,0.075395127,0.488763501,0.435841372
27319,0.074215004,0.142506015,0.783278981
27320,0.152223754,0.225338732,0.622437514
27321,0.084403205,0.109943814,0.805652981
27322,0.066213384,0.107954214,0.825832403
27323,0.15914059,0.187306613,0.653552796
27324,0.092736304,0.174450875,0.732812821
27325,0.046880601,0.181176715,0.771942685
27326,0.147656256,0.191127037,0.661216707
27327,0.208580864,0.721181537,0.070237599
27328,0.054013798,0.304682808,0.641303393
27329,0.046793881,0.069120561,0.884085558
27330,0.075785184,0.525690889,0.398523927
27331,0.440413265,0.100677989,0.458908746
27332,0.091368826,0.128956297,0.779674876
27333,0.198019333,0.110855408,0.691125258
27334,0.11178053,0.084692375,0.803527095
27335,0.055399271,0.179072157,0.765528572
27336,0.302070381,0.07240519,0.625524429
27337,0.402499383,0.127936797,0.46956382
27338,0.165302394,0.749023462,0.085674144
27339,0.185767039,0.161343418,0.652889543
27340,0.103824939,0.145415755,0.750759306
27341,0.063867567,0.077575064,0.85855737
27342,0.117725019,0.215217121,0.667057859
27343,0.042733322,0.074130936,0.883135742
27344,0.068846408,0.156739489,0.774414102
27345,0.24558518,0.149702469,0.604712351
27346,0.124193282,0.161115665,0.714691053
27347,0.109330332,0.117704494,0.772965173
27348,0.107316671,0.196211162,0.696472168
27349,0.173754067,0.097424671,0.728821261
27350,0.055250568,0.117440791,0.827308641
27351,0.095695331,0.093409943,0.810894726
27352,0.350827018,0.058583495,0.590589487
27353,0.08695295,0.172107523,0.740939527
27354,0.108632322,0.300659149,0.59070853
27355,0.035099158,0.102625598,0.862275244
27356,0.058521758,0.160523546,0.780954696
27357,0.068627723,0.251191316,0.680180961
27358,0.048588947,0.103189523,0.84822153
27359,0.032666711,0.440233963,0.527099326
27360,0.073592132,0.135806411,0.790601457
27361,0.075501539,0.913094304,0.011404157
27362,0.198247104,0.495651466,0.30610143
27363,0.096264394,0.110100948,0.793634658
27364,0.054971426,0.665433395,0.279595178
27365,0.281775201,0.058504394,0.659720405
27366,0.113827064,0.304272414,0.581900522
27367,0.084569024,0.152086795,0.763344182
27368,0.269636424,0.375428339,0.354935237
27369,0.177673301,0.76750009,0.054826609
27370,0.266497964,0.707561301,0.025940735
27371,0.637682251,0.039396019,0.32292173
27372,0.114262425,0.048782532,0.836955043
27373,0.13016825,0.414887878,0.454943872
27374,0.090064031,0.241941532,0.667994437
27375,0.067168991,0.148008074,0.784822934
27376,0.231797827,0.144340682,0.623861491
27377,0.112839304,0.331424374,0.555736322
27378,0.548625032,0.150821073,0.300553896
27379,0.083393828,0.072208829,0.844397344
27380,0.343279953,0.339296863,0.317423185
27381,0.061603765,0.422499387,0.515896848
27382,0.163509101,0.334846565,0.501644334
27383,0.031053653,0.124163194,0.844783153
27384,0.091904299,0.324220899,0.583874801
27385,0.306427473,0.163579584,0.529992942
27386,0.134248425,0.207104202,0.658647373
27387,0.113128164,0.165841408,0.721030427
27388,0.032651177,0.10579028,0.861558543
27389,0.131949683,0.214093202,0.653957115
27390,0.124272487,0.234385003,0.64134251
27391,0.269240406,0.185762282,0.544997312
27392,0.095110477,0.104084583,0.80080494
27393,0.059708751,0.186359747,0.753931503
27394,0.133864165,0.178953029,0.687182806
27395,0.032663316,0.105798091,0.861538594
27396,0.115985793,0.149585096,0.73442911
27397,0.027513058,0.901252448,0.071234494
27398,0.177942029,0.091347645,0.730710326
27399,0.036317216,0.631745432,0.331937352
27400,0.034373716,0.22220036,0.743425924
27401,0.31170958,0.104450964,0.583839456
27402,0.027541944,0.719026012,0.253432044
27403,0.16911337,0.147071595,0.683815035
27404,0.249592055,0.744095401,0.006312545
27405,0.129064546,0.212564091,0.658371363
27406,0.285029721,0.237279956,0.477690323
27407,0.062749424,0.159714386,0.77753619
27408,0.080448751,0.110820024,0.808731225
27409,0.262491522,0.593086698,0.144421779
27410,0.02743855,0.050520466,0.922040984
27411,0.082128784,0.072852849,0.845018367
27412,0.134380244,0.387837748,0.477782008
27413,0.191657198,0.171504524,0.636838278
27414,0.042526886,0.671078923,0.286394191
