index,0,1,2
26457,0.12013874555082818,0.17207212329000124,0.7077891311591704
26458,0.29830171336093975,0.2446994638151247,0.45699882282393545
26459,0.03715401074575343,0.08234270111718991,0.8805032881370567
26460,0.06246454024812939,0.0816392149634503,0.8558962447884204
26461,0.08945558825098636,0.23981484274128798,0.6707295690077257
26462,0.052101876547174485,0.13951266097576984,0.8083854624770556
26463,0.6118421987996445,0.362524610047245,0.025633191153110364
26464,0.05256958735953718,0.09559061020356878,0.851839802436894
26465,0.0672391523543378,0.09112659454074622,0.8416342531049159
26466,0.05877499483516495,0.28702528133281185,0.6541997238320233
26467,0.12126039934440848,0.10739718730282936,0.7713424133527622
26468,0.03942185358756104,0.08696830755156318,0.8736098388608758
26469,0.5548017199952734,0.11690238424339243,0.32829589576133406
26470,0.06749813016125458,0.3856280872846853,0.5468737825540602
26471,0.10995057145124534,0.1385082086202887,0.7515412199284659
26472,0.07437725730167566,0.28203167401358886,0.6435910686847355
26473,0.04386701141544818,0.07723197894670833,0.8789010096378436
26474,0.29493732268089096,0.6821244057334793,0.022938271585629694
26475,0.2919591213720445,0.1964192099695415,0.5116216686584141
26476,0.04421876497823493,0.09704553993357604,0.858735695088189
26477,0.19890401134455982,0.19933580377835672,0.6017601848770834
26478,0.059814682317279586,0.08406656104907664,0.8561187566336438
26479,0.0484036141845667,0.08948128451276478,0.8621151013026684
26480,0.055524339853247194,0.07594765959977748,0.8685280005469753
26481,0.06322474955788243,0.2669775186997087,0.6697977317424088
26482,0.12052539094403594,0.10729533319746028,0.7721792758585038
26483,0.05547764023233634,0.13021178221405266,0.8143105775536111
26484,0.06925753276143416,0.1284732851484415,0.8022691820901243
26485,0.04166464172311529,0.07086558112400049,0.8874697771528842
26486,0.07722769193944269,0.1463389325349017,0.7764333755256555
26487,0.07290591803539696,0.10757028215594969,0.8195237998086533
26488,0.35229704542761764,0.6089253455681257,0.038777609004256634
26489,0.06643185557751632,0.2312434270711088,0.7023247173513749
26490,0.07275467237030284,0.12252620257545671,0.8047191250542404
26491,0.04959676313987646,0.14090516575932516,0.8094980711007983
26492,0.061925752637436174,0.3407087851681376,0.5973654621944263
26493,0.18627542257133203,0.8057712098205513,0.007953367608116678
26494,0.07921292659944297,0.39561055571901277,0.5251765176815443
26495,0.05527557192356118,0.08044974214944499,0.8642746859269939
26496,0.06849277624924595,0.1471272062205642,0.7843800175301899
26497,0.028217987239175804,0.8338202966456113,0.13796171611521296
26498,0.15607082500020292,0.5134685667067755,0.33046060829302143
26499,0.11101727171533327,0.14147874354120446,0.7475039847434624
26500,0.07758056761869705,0.4003799033895064,0.5220395289917965
26501,0.07999073771395829,0.3638122207902579,0.5561970414957838
26502,0.06878192835668859,0.0940115515516326,0.8372065200916788
26503,0.09258547001400474,0.3829306565458427,0.5244838734401526
26504,0.11169602395278161,0.17457438599004482,0.7137295900571735
26505,0.06081644892121138,0.08604576486219015,0.8531377862165986
26506,0.1282205239586121,0.8436497079493772,0.028129768092010725
26507,0.09543045297605234,0.8844049360718551,0.020164610952092658
26508,0.11584597974415617,0.15824752535125805,0.7259064949045858
26509,0.11824048948354698,0.15816674682466259,0.7235927636917905
26510,0.06774449152797896,0.1930293336343818,0.7392261748376392
26511,0.04573431286447395,0.08105829340472513,0.8732073937308009
26512,0.09115778411328479,0.15409598518023832,0.754746230706477
26513,0.12750002786951392,0.21384349131439478,0.6586564808160913
26514,0.043660442448878185,0.08253136947474178,0.87380818807638
26515,0.38218176099040513,0.11271517149249431,0.5051030675171005
26516,0.06563485344686963,0.2412419785643314,0.693123167988799
26517,0.20960091358375502,0.7706598566642093,0.019739229752035622
26518,0.043136726454231875,0.08673452864013718,0.870128744905631
26519,0.38061897410659395,0.12345685048398197,0.495924175409424
26520,0.027237453674062814,0.8396201274575883,0.133142418868349
26521,0.06636659447952474,0.28110998831873335,0.652523417201742
26522,0.18740189964608686,0.15888855921207176,0.6537095411418414
26523,0.09968807268491768,0.16360561767447473,0.7367063096406076
26524,0.08293601959003505,0.1989789091010976,0.7180850713088673
26525,0.10959390857242893,0.2501165146190656,0.6402895768085055
26526,0.05427048897430011,0.08942532186932978,0.8563041891563702
26527,0.14843373965105078,0.29153951979765835,0.5600267405512909
26528,0.08773575614014496,0.8970630804807225,0.015201163379132611
26529,0.4396222987673981,0.10812639028202263,0.45225131095057913
26530,0.09828693043047816,0.13733580385185284,0.764377265717669
26531,0.05472029213805967,0.1848487413976077,0.7604309664643326
26532,0.13359706998466583,0.14132620564027734,0.7250767243750569
26533,0.10588777268556719,0.1659569849321409,0.728155242382292
26534,0.043086266471959365,0.08468404982110479,0.8722296837069359
26535,0.049000063972947594,0.07836254766176748,0.8726373883652851
26536,0.09559005590817296,0.1716087988337336,0.7328011452580935
26537,0.07610600345187442,0.09284611818817298,0.8310478783599526
26538,0.059866375595958476,0.27866665879715125,0.6614669656068902
26539,0.04844832567705063,0.13980846067965522,0.8117432136432942
26540,0.3076477018275399,0.1770046398610891,0.5153476583113709
26541,0.04972460072846089,0.09820017647634138,0.8520752227951977
26542,0.07519680256484185,0.1150013451803338,0.8098018522548244
26543,0.06609067157116655,0.1056522316752786,0.8282570967535549
26544,0.1364130580022433,0.18142200817053836,0.6821649338272184
26545,0.12712434772944817,0.346534185383055,0.5263414668874967
26546,0.051069838538180604,0.10080208430999513,0.8481280771518241
26547,0.0528080378083942,0.07021814941314991,0.8769738127784559
26548,0.04917640483565862,0.10944938111617075,0.8413742140481705
26549,0.1986016841893774,0.7884907313895838,0.012907584421038747
26550,0.05431951751950075,0.13751800229708322,0.808162480183416
26551,0.055873094343233565,0.1405330530503205,0.8035938526064459
26552,0.049806708369536004,0.18100603780078112,0.7691872538296829
26553,0.05123329023249029,0.0832903489850429,0.8654763607824668
26554,0.10394889532581758,0.353274158293695,0.5427769463804873
26555,0.13093266714409516,0.13642756450970417,0.7326397683462008
26556,0.06986865091851127,0.271343148718999,0.6587882003624898
26557,0.06934812389959245,0.10479071923768492,0.8258611568627227
26558,0.5412581645678929,0.1001067062968366,0.3586351291352705
26559,0.25969991795026537,0.1252542254295068,0.6150458566202278
26560,0.07089196647728377,0.1069286161111095,0.8221794174116066
26561,0.0602372344584934,0.24295719952687794,0.6968055660146287
26562,0.04646269457897323,0.07979340389684801,0.8737439015241788
26563,0.04681628661282959,0.0880285574096856,0.8651551559774848
26564,0.10088223580539787,0.14904219568049182,0.7500755685141104
26565,0.10964982242015289,0.38033662208508273,0.5100135554947643
26566,0.07052777688082187,0.19244658491135708,0.7370256382078211
26567,0.08414403851092063,0.13820820065332512,0.7776477608357543
26568,0.424308745990783,0.5449113996873016,0.030779854321915424
26569,0.047776608245096774,0.09813599780479253,0.8540873939501108
26570,0.0523261482960064,0.5916914304050918,0.35598242129890173
26571,0.06680056594849523,0.09351795496864042,0.8396814790828644
26572,0.06675692723641509,0.17448076175088092,0.758762311012704
26573,0.1098803874272891,0.128846631797227,0.7612729807754839
26574,0.18739826278983607,0.10165766814681818,0.7109440690633458
26575,0.07572861803773859,0.11378784435000733,0.8104835376122541
26576,0.1020594284518846,0.10564098093440558,0.7922995906137098
26577,0.1047938919100335,0.12440583337329579,0.7708002747166706
26578,0.3187123355981034,0.4072783777257774,0.2740092866761192
26579,0.21974211831976787,0.7666403869338027,0.013617494746429553
26580,0.07289973469739008,0.11693097360421975,0.8101692916983901
26581,0.11021838972897827,0.1655681012267016,0.7242135090443201
26582,0.048870015085607905,0.0958307603315602,0.8552992245828319
26583,0.04311582565750279,0.0728360671939806,0.8840481071485166
26584,0.08602606723695637,0.16252046228964223,0.7514534704734014
26585,0.10471748472906507,0.5342981868395896,0.36098432843134526
26586,0.31251577709703005,0.27237075850437414,0.4151134643985958
26587,0.37000432530698174,0.4075418937004795,0.2224537809925387
26588,0.05319279123196897,0.1330973580338276,0.8137098507342034
26589,0.138485362544333,0.11149022929851857,0.7500244081571484
26590,0.10901922199141909,0.37844734846827327,0.5125334295403076
26591,0.14523446233065335,0.8297828651490294,0.024982672520317318
26592,0.38554736146660457,0.12422112829076548,0.49023151024262995
26593,0.04693515578292691,0.5826298891376571,0.37043495507941604
26594,0.06002061255569698,0.08107710994118687,0.8589022775031162
26595,0.043438467996806784,0.0722562095862903,0.8843053224169029
26596,0.07850953149023297,0.10627563300421349,0.8152148355055536
26597,0.6322763401126299,0.24186080481812225,0.1258628550692477
26598,0.055677322184933084,0.13995907231778248,0.8043636054972845
26599,0.05893104920352006,0.09553212956601029,0.8455368212304697
26600,0.044809395392968056,0.07756794147245358,0.8776226631345784
26601,0.05738153343163761,0.15720649959181343,0.785411966976549
26602,0.052847821193273144,0.18516001279019192,0.761992166016535
26603,0.06883115800390788,0.12851275578572938,0.8026560862103628
26604,0.05311472870468746,0.08498935984251847,0.861895911452794
26605,0.03947535271755943,0.07158357777858511,0.8889410695038555
26606,0.07597020174789455,0.3732694510485089,0.5507603472035965
26607,0.10308399305911588,0.8699570391508974,0.026958967789986688
26608,0.043561705463322636,0.09620102990953254,0.8602372646271448
26609,0.05207039630466899,0.10426356243361556,0.8436660412617154
26610,0.2533614526822578,0.6996530290312754,0.04698551828646671
26611,0.131523048707248,0.19535704572658094,0.673119905566171
26612,0.12367139654827874,0.43692213595189433,0.439406467499827
26613,0.07058415563205117,0.16532403931037182,0.764091805057577
26614,0.10940492103168907,0.14979995060383755,0.7407951283644733
26615,0.1090162895364153,0.1652703445675848,0.725713365896
26616,0.046266689721010786,0.07527872973693261,0.8784545805420567
26617,0.08356324264583948,0.12808514207671243,0.7883516152774481
26618,0.05412787766548284,0.09213894395731896,0.8537331783771983
26619,0.08554859176240202,0.1808711925721886,0.7335802156654093
26620,0.1427677576222249,0.8069404945509427,0.05029174782683224
26621,0.04773452294653869,0.08433003362141568,0.8679354434320458
26622,0.07087708275559243,0.5690577486115482,0.3600651686328593
26623,0.04613745117756339,0.5312307812418724,0.4226317675805642
26624,0.08887801825861018,0.12083908937531367,0.7902828923660762
26625,0.6705233412877418,0.1272572190016133,0.20221943971064482
26626,0.3013627112987096,0.12752818750608041,0.5711091011952101
26627,0.059214322722616515,0.08988717805460403,0.8508984992227795
26628,0.04071277611241137,0.09963017593327522,0.8596570479543135
26629,0.04319472738810732,0.0898990687506065,0.8669062038612861
26630,0.0449124081603969,0.09176621868881359,0.8633213731507894
26631,0.05035148657001745,0.07134671191823913,0.8783018015117434
26632,0.4912342321380082,0.08978134316624481,0.41898442469574704
26633,0.062020574069762566,0.11457630788534741,0.8234031180448901
26634,0.056657005806847835,0.08531175625390984,0.8580312379392423
26635,0.06367722684744087,0.24422318135400997,0.6920995917985492
26636,0.0666068565571686,0.2818594683935587,0.6515336750492727
26637,0.04954666026784563,0.11008670364898146,0.840366636083173
26638,0.04410684196793537,0.7336751886410962,0.22221796939096844
26639,0.12186852696440065,0.6943138246463835,0.1838176483892159
26640,0.3735524011667777,0.1596729163474376,0.4667746824857847
26641,0.14883056679268608,0.5803963498548999,0.2707730833524142
26642,0.05215958592990829,0.09668284511352339,0.8511575689565684
26643,0.06109475786402875,0.21527219141575601,0.7236330507202151
26644,0.06252687263174726,0.11954540456095816,0.8179277228072946
26645,0.058167971686908286,0.1171254874043505,0.8247065409087412
26646,0.624170304061149,0.14158144369481698,0.23424825224403398
26647,0.042901555376806816,0.06286306302138617,0.894235381601807
26648,0.049098629612230035,0.5777158026600584,0.37318556772771155
26649,0.0713141546754228,0.0975832787657129,0.8311025665588643
26650,0.44792589216785367,0.516708993099328,0.03536511473281837
26651,0.2272087653958169,0.7501591056862508,0.02263212891793231
26652,0.22538683835595857,0.13822518356797542,0.636387978076066
26653,0.2772993093088819,0.14782568448141853,0.5748750062096996
26654,0.05142087036767891,0.7143706427103734,0.23420848692194773
26655,0.04864770489502554,0.5507083411311849,0.40064395397378955
26656,0.05899609089087212,0.110149538549028,0.8308543705600998
26657,0.07055512344946811,0.34406304261402637,0.5853818339365056
26658,0.06131413422435193,0.25186003973411386,0.6868258260415343
26659,0.1309270759977327,0.2283954084434512,0.6406775155588161
26660,0.058765906971179255,0.2308742903282668,0.7103598027005539
26661,0.2037116479654516,0.19231629001822126,0.603972062016327
26662,0.05870858782217935,0.2691292826673332,0.6721621295104874
26663,0.05400102279927303,0.1459597883926663,0.8000391888080607
26664,0.1302117217294144,0.13744962019949256,0.732338658071093
26665,0.17083618567618455,0.20951288309914448,0.619650931224671
26666,0.07012117110162469,0.4272221990512164,0.5026566298471589
26667,0.030357093010164166,0.0678075747480786,0.9018353322417572
26668,0.052216349728769484,0.5571666363468356,0.39061701392439496
26669,0.22145409122010237,0.27410199713613853,0.5044439116437591
26670,0.2894494648073002,0.28268660258560274,0.42786393260709693
26671,0.05355356854560826,0.553092465452801,0.3933539660015908
26672,0.05513028679262605,0.09930233463307547,0.8455673785742985
26673,0.10782399651846727,0.14279112335567773,0.7493848801258549
26674,0.618617310127446,0.08095766057625804,0.300425029296296
26675,0.04775328136322335,0.10684670335949863,0.845400015277278
26676,0.05692454876823238,0.13546320847277046,0.8076122427589971
26677,0.05241042818802312,0.08605596251618661,0.8615336092957904
26678,0.07866924463632466,0.2285537994731724,0.692776955890503
26679,0.12012715478858954,0.1675303796254191,0.7123424655859913
26680,0.05925582620073387,0.23791111631260783,0.7028330574866584
26681,0.04141314617680539,0.09008742383083557,0.8684994299923592
26682,0.042807797713414086,0.09499043341248217,0.8622017688741038
26683,0.07410450587403078,0.272326582128581,0.6535689119973882
26684,0.09529037150452618,0.1552425894854905,0.7494670390099832
26685,0.2464688958908743,0.1280319494656095,0.6254991546435162
26686,0.04561189860943053,0.0867297566535136,0.8676583447370558
26687,0.11541138907724606,0.16761761656421478,0.7169709943585392
26688,0.2882512622077791,0.4515793413031731,0.2601693964890477
26689,0.09194865569852294,0.1346146049508212,0.7734367393506557
26690,0.038500074931138016,0.08216923273759871,0.8793306923312633
26691,0.14139211396567572,0.33727674583873335,0.521331140195591
26692,0.05391538736928492,0.298188860080992,0.647895752549723
26693,0.3738386765297972,0.12175961177085631,0.5044017116993464
26694,0.5456047478880945,0.4361771071903056,0.018218144921599982
26695,0.050772039539704515,0.0884341611959698,0.8607937992643258
26696,0.044414454342301235,0.07837600009648131,0.8772095455612176
26697,0.041059045110811765,0.0721593026836376,0.8867816522055506
26698,0.04230729702906424,0.06419494169482098,0.8934977612761148
26699,0.07835658455349523,0.3954447123614411,0.5261987030850638
26700,0.060434839240334985,0.40715904036035544,0.5324061203993096
26701,0.17324535615683295,0.39336611150489387,0.43338853233827324
26702,0.10478238777599042,0.3187031697440171,0.5765144424799925
26703,0.06051946040486077,0.11936727418182182,0.8201132654133174
26704,0.04834489711165792,0.09367028995248484,0.8579848129358572
26705,0.05018266153756127,0.07036510749028876,0.8794522309721501
26706,0.05200314668470282,0.09510960385513112,0.8528872494601661
26707,0.25348894430159696,0.13059566280866336,0.6159153928897396
26708,0.0439786966270305,0.07499443423016544,0.881026869142804
26709,0.040470383364972565,0.0836995923554756,0.8758300242795517
26710,0.05848955718829872,0.105310356420275,0.8362000863914263
26711,0.2572628930533525,0.10617176475722029,0.6365653421894272
26712,0.06944446792309794,0.1941469094133106,0.7364086226635914
26713,0.09916317504853239,0.41751493752211455,0.48332188742935306
26714,0.05940386536289165,0.14874079048539615,0.7918553441517122
26715,0.06500114720071111,0.22765726967947128,0.7073415831198177
26716,0.11687505513321234,0.6411057384070102,0.2420192064597774
26717,0.07174642853930215,0.19748779751896578,0.7307657739417321
26718,0.10890365346613688,0.15770598658580495,0.7333903599480582
26719,0.0597768604683614,0.38241915092625356,0.557803988605385
26720,0.09452906871333909,0.10973592663924375,0.7957350046474172
26721,0.06227819804095118,0.24491080150759015,0.6928110004514586
26722,0.19285819725254472,0.11849981793848265,0.6886419848089727
26723,0.074883674145697,0.1192994099736705,0.8058169158806324
26724,0.06570394225649479,0.49794257638707606,0.4363534813564292
26725,0.05293491843561035,0.30729764225099354,0.6397674393133961
26726,0.12547843889767113,0.3671004544752854,0.5074211066270434
26727,0.05397710953042296,0.10812569940827266,0.8378971910613044
26728,0.09398445610219706,0.15198499223656944,0.7540305516612335
26729,0.09226239136274296,0.23308211726699385,0.6746554913702633
26730,0.11076552275999964,0.5710832947859672,0.3181511824540331
26731,0.05835826349089757,0.09531959952645658,0.8463221369826458
26732,0.1844006509590986,0.7905773978298092,0.025021951211092262
26733,0.05255438292661441,0.0726686331957852,0.8747769838776005
26734,0.11895319037610166,0.16773500361330543,0.7133118060105929
26735,0.046794135249469807,0.11294720456730638,0.8402586601832238
26736,0.10832948743638654,0.18933714698155904,0.7023333655820544
26737,0.08026197439367659,0.30990459031797385,0.6098334352883497
26738,0.04098558139945582,0.07574636847810427,0.8832680501224399
26739,0.42986355006440463,0.11229925376121365,0.45783719617438173
26740,0.04473898147174365,0.09566484497683513,0.8595961735514213
26741,0.12768151521456078,0.824605056547692,0.04771342823774714
26742,0.05270322974977826,0.22773685031625798,0.7195599199339637
26743,0.10774720482768424,0.1522900380688106,0.7399627571035051
26744,0.12299310060225882,0.21887462804618432,0.6581322713515568
26745,0.037990613652501254,0.07264544358982675,0.8893639427576719
26746,0.4076886293688836,0.12075853082526783,0.47155283980584844
26747,0.056023254395115366,0.5137545572558841,0.43022218834900045
26748,0.2227147636194366,0.2663513138868583,0.5109339224937052
26749,0.058387551582837524,0.1378911002646695,0.803721348152493
26750,0.056809131720185854,0.14496665031916284,0.7982242179606513
26751,0.0626415236428587,0.11973506392087879,0.8176234124362626
26752,0.08077016969248618,0.4755838846291506,0.4436459456783633
26753,0.10100912676352056,0.14034052929252328,0.758650343943956
26754,0.08724498670103789,0.09675034774633258,0.8160046655526295
26755,0.04819819450215726,0.14489263138519132,0.8069091741126513
26756,0.13363927842269346,0.09669147834649018,0.7696692432308164
26757,0.19742790029606333,0.21503607748730216,0.5875360222166345
26758,0.12069435175277694,0.2355926730599852,0.6437129751872379
26759,0.09144801917897773,0.14702277294565874,0.7615292078753636
26760,0.3565682877593266,0.14861725607967716,0.49481445616099623
26761,0.06372491086970282,0.130388984254014,0.8058861048762832
26762,0.04524569104312133,0.08066334147959732,0.8740909674772814
26763,0.04383869130334658,0.08913265034612547,0.867028658350528
26764,0.0704849932363802,0.1185482469021714,0.8109667598614484
26765,0.08159442506749857,0.09635452084768141,0.8220510540848199
26766,0.061884374099707824,0.44412206839505386,0.4939935575052382
26767,0.06479162577243586,0.11656937522052417,0.8186389990070401
26768,0.10252385902741362,0.8785234330143065,0.018952707958279982
26769,0.38194224953073247,0.1332571459344831,0.48480060453478435
26770,0.05982922954802531,0.08572825150223935,0.8544425189497354
26771,0.2237299909467222,0.7514397584749958,0.024830250578282028
26772,0.45509784753786997,0.08625732516343639,0.4586448272986936
26773,0.1269864860200448,0.15258429160559175,0.7204292223743634
26774,0.10960484968834887,0.16375817495320236,0.7266369753584488
26775,0.06007323284270912,0.22807847910094567,0.7118482880563453
26776,0.04731661461477997,0.08991811715243545,0.8627652682327847
26777,0.0367399545376107,0.056301706929675,0.9069583385327143
26778,0.05016962289690773,0.08765309502439694,0.8621772820786953
26779,0.05129496836831705,0.14311145862228875,0.8055935730093942
26780,0.056276076226379604,0.09235020688339857,0.8513737168902217
26781,0.05073914772069937,0.1354182269870141,0.8138426252922865
26782,0.047652721403624844,0.08001382408448178,0.8723334545118934
26783,0.17179836147067865,0.18707986103804009,0.6411217774912813
26784,0.04863324045772846,0.546336125232128,0.40503063431014336
26785,0.06716117992408613,0.14434144893322098,0.7884973711426928
26786,0.37035820305373707,0.10585100217406422,0.5237907947721987
26787,0.059428016823897374,0.09683335094350626,0.8437386322325964
26788,0.20746017635938507,0.21299341897090954,0.5795464046697054
26789,0.054697142906859994,0.5155652043545531,0.42973765273858694
26790,0.06389797954862866,0.12987483673109673,0.8062271837202746
26791,0.04291585753656741,0.08167394637726658,0.8754101960861661
26792,0.06679120774311964,0.12604950364087508,0.8071592886160053
26793,0.06503246813249497,0.14224246966030282,0.7927250622072021
26794,0.06680905111115992,0.12318580870524432,0.8100051401835958
26795,0.06219626074118786,0.23086799842869754,0.7069357408301146
26796,0.11479430604063084,0.8786510229577698,0.006554671001599376
26797,0.06438998354958379,0.24836943964188973,0.6872405768085265
26798,0.5695217863237941,0.07339178823049602,0.3570864254457099
26799,0.24233161125200814,0.10933937569214652,0.6483290130558453
26800,0.09893270034557514,0.8804214210619581,0.020645878592466742
26801,0.0518254119266666,0.563516421453284,0.3846581666200494
26802,0.09946494153766496,0.1594921992077919,0.7410428592545432
26803,0.05903146756777439,0.18025655269291915,0.7607119797393064
26804,0.05430744155006006,0.2394105632324467,0.7062819952174932
26805,0.042655512364796,0.10317725485932147,0.8541672327758825
26806,0.110430436199975,0.27227326657934375,0.6172962972206812
26807,0.045137598663918095,0.07678605359575066,0.8780763477403313
26808,0.057399056538022394,0.18618785717803876,0.7564130862839389
26809,0.06111277874001388,0.20186660809922774,0.7370206131607584
26810,0.05389956850027058,0.262177201373291,0.6839232301264384
26811,0.04126528646658945,0.09014410227824404,0.8685906112551665
26812,0.036855515363342306,0.06914799327049795,0.8939964913661598
26813,0.08684816241258767,0.4855346473482038,0.4276171902392086
26814,0.1004299377514323,0.168098165700289,0.7314718965482787
26815,0.09005013275648692,0.13585534660176077,0.7740945206417524
26816,0.0914846975854377,0.25117957524389933,0.657335727170663
26817,0.049491213633530484,0.06503433378550368,0.8854744525809658
26818,0.2668825770811124,0.15535400003280553,0.5777634228860822
26819,0.09957962986723305,0.26007036189928007,0.6403500082334869
26820,0.1375604126803095,0.8319307260486237,0.030508861271066876
26821,0.06789868872799004,0.9192522854283722,0.01284902584363781
26822,0.07403386492430905,0.3792679632492246,0.5466981718264663
26823,0.06193898896795468,0.09483101851415894,0.8432299925178864
26824,0.09914722944905095,0.12453743284966008,0.776315337701289
26825,0.043140426929233755,0.08371874095576717,0.8731408321149989
26826,0.047395349457118846,0.09390450269070363,0.8587001478521775
26827,0.09445472089077979,0.15830801798125602,0.7472372611279642
26828,0.09507933099955353,0.1675257827780894,0.737394886222357
26829,0.06008577729073398,0.09629718753127278,0.8436170351779934
26830,0.04788599885531021,0.09072625062596917,0.8613877505187206
26831,0.054600596491425735,0.15637907333408463,0.7890203301744896
26832,0.030735300971102483,0.07475466248247559,0.8945100365464218
26833,0.05930207752397936,0.1456135413615257,0.7950843811144949
26834,0.05644341565997956,0.13761477323177804,0.8059418111082425
26835,0.634997745607038,0.09068707756865556,0.2743151768243065
26836,0.11417534684421961,0.35265262714210593,0.5331720260136744
26837,0.10013470850693187,0.0898748632010564,0.8099904282920118
26838,0.17874867811938827,0.2419580324353534,0.5792932894452584
26839,0.6120189983407808,0.08858410275300399,0.29939689890621524
26840,0.08501993031716723,0.17728258379518477,0.7376974858876479
26841,0.05003266805176614,0.08224936309094709,0.8677179688572867
26842,0.05628696752147854,0.22551900403801256,0.718194028440509
26843,0.09406564316538395,0.13962879770184097,0.7663055591327751
26844,0.060258174469255237,0.6903108782536357,0.24943094727710913
26845,0.43691830797423714,0.09566006456043893,0.46742162746532395
26846,0.0572069151764565,0.11568706160991832,0.827106023213625
26847,0.09306611890996061,0.18895173043009406,0.7179821506599454
26848,0.1770533913409724,0.1254222579576008,0.6975243507014268
26849,0.285239612292364,0.18904911688441542,0.5257112708232207
26850,0.1062305252455582,0.21109526860292657,0.6826742061515153
26851,0.09130624393883736,0.13403065343872536,0.7746631026224373
26852,0.05962132144137736,0.6060740351144287,0.33430464344419397
26853,0.05375967562354241,0.08634847334367209,0.8598918510327856
26854,0.07868211721071831,0.9079678091180553,0.013350073671226214
26855,0.06370025935922305,0.18826547156706305,0.748034269073714
26856,0.1455897581360887,0.10338362751416116,0.7510266143497502
26857,0.07420267996250686,0.3997462669153122,0.526051053122181
26858,0.034023864494337926,0.8175725937413792,0.14840354176428278
26859,0.04480010253565536,0.6342216442913795,0.32097825317296524
26860,0.04525157826586587,0.6849330933117285,0.26981532842240574
26861,0.07095545423972867,0.25569428801901295,0.6733502577412582
26862,0.07419895998276352,0.09936283636674663,0.8264382036504899
26863,0.04608933348645535,0.12623473568190594,0.8276759308316387
26864,0.08369989207757766,0.2872476637405036,0.6290524441819187
26865,0.05266442221836593,0.20775819431767348,0.7395773834639607
26866,0.06080924616191151,0.16235949505408495,0.7768312587840036
26867,0.062268540959150014,0.09212627465683138,0.8456051843840187
26868,0.05592282559773324,0.10258106121721251,0.8414961131850542
26869,0.040710213806724356,0.04912686344087923,0.9101629227523965
26870,0.047893542676941216,0.7258185614823349,0.2262878958407239
26871,0.40611005006125833,0.1317100437359504,0.46217990620279115
26872,0.052340910064651816,0.09205004553892182,0.8556090443964265
26873,0.060251390644000445,0.1405061115138669,0.7992424978421326
26874,0.0575117048713312,0.3990338301324428,0.543454464996226
26875,0.0948721234894487,0.21618325832260496,0.6889446181879463
26876,0.052229877536373884,0.07348088367022773,0.8742892387933983
26877,0.05400449168242946,0.08138688160779613,0.8646086267097745
26878,0.10919395808024873,0.14434564568372937,0.7464603962360219
26879,0.07655962084011415,0.2293113401231541,0.6941290390367317
26880,0.13156573154955992,0.11015719255149028,0.7582770758989499
26881,0.03767582804473233,0.09455842268657802,0.8677657492686898
26882,0.5458442510301272,0.10751293978919342,0.34664280918067936
26883,0.05480573231506947,0.09201668551835798,0.8531775821665726
26884,0.06347298831827809,0.36024539458844435,0.5762816170932774
26885,0.12847126748645255,0.13875516591087453,0.7327735666026729
26886,0.041157005118213574,0.08781994846034806,0.8710230464214382
26887,0.04857399319584788,0.12025595091889246,0.8311700558852596
26888,0.15146221274688884,0.1665815113503853,0.6819562759027258
26889,0.04482672804813586,0.09241162281037561,0.8627616491414886
26890,0.060559234052811446,0.23916482956973398,0.7002759363774547
26891,0.06115880920262641,0.5579055309486203,0.38093565984875327
26892,0.07511263060568897,0.11612714848407903,0.808760220910232
26893,0.05209263277362011,0.08634507062171397,0.8615622966046659
26894,0.05104713122269108,0.11441102909573932,0.8345418396815697
26895,0.08382960462204983,0.398121479283191,0.5180489160947592
26896,0.06239410927047837,0.09796574623546864,0.839640144494053
26897,0.06201562496542376,0.18627883057485936,0.7517055444597168
26898,0.04578584216666214,0.0825067935425455,0.8717073642907923
26899,0.11981395898220445,0.1388649402573225,0.741321100760473
26900,0.061988550285430113,0.18689750562346347,0.7511139440911064
26901,0.07429480952183502,0.24863561143404792,0.6770695790441171
26902,0.04906084048862122,0.06370565574056483,0.8872335037708139
26903,0.0678549052219691,0.22294110127623784,0.7092039935017931
26904,0.5879851415892762,0.3878228562837508,0.024192002126973054
26905,0.06573578711689917,0.12135714562033585,0.812907067262765
26906,0.05016591135247367,0.12402823728445622,0.8258058513630702
26907,0.03521419892892154,0.061799453149321865,0.9029863479217566
26908,0.053972337192395775,0.13234771593005412,0.81367994687755
26909,0.05656753460826311,0.5895994476996849,0.353833017692052
26910,0.09857114839326976,0.18996068016213438,0.7114681714445957
26911,0.06118669357606532,0.09160513946532772,0.8472081669586069
26912,0.0426923355744637,0.10439073695922167,0.8529169274663146
26913,0.30961552547544624,0.1504190999998309,0.5399653745247229
26914,0.05395955897848292,0.1378740321111606,0.8081664089103565
26915,0.09591224458168086,0.13424764490844918,0.7698401105098699
26916,0.2260264903371219,0.7598574260001939,0.014116083662684109
26917,0.05902401908531206,0.1597709110431558,0.781205069871532
26918,0.07332033470322841,0.10521869272875724,0.8214609725680143
26919,0.5097089539653475,0.13186298483166958,0.3584280612029829
26920,0.05852121921221511,0.20737898945303201,0.7340997913347528
26921,0.05367721402174215,0.5575797985382116,0.3887429874400464
26922,0.06503709392029187,0.4670534531881946,0.46790945289151353
26923,0.04434612666094098,0.07372604558861053,0.8819278277504485
26924,0.0578651688560851,0.12723023548689316,0.8149045956570218
26925,0.04899173160286091,0.08753623355005237,0.8634720348470867
26926,0.09300601647910368,0.22021404153312546,0.6867799419877708
26927,0.07620015044227951,0.10315029716542856,0.8206495523922919
26928,0.058430159233984605,0.9281404684168572,0.013429372349158353
26929,0.050210817235337865,0.11035334469237777,0.8394358380722844
26930,0.041809389325969254,0.6986141946634901,0.2595764160105407
26931,0.15355183588041554,0.8228056841546049,0.023642479964979455
26932,0.04998515869048738,0.6169264580032282,0.33308838330628443
26933,0.41188149705904614,0.10501181195728142,0.4831066909836725
26934,0.07692710100930622,0.10298703556490384,0.8200858634257899
26935,0.04588389938741814,0.1499123773098696,0.8042037233027123
26936,0.04796777675179223,0.103692016275793,0.8483402069724147
26937,0.1190149325822607,0.17934075403121638,0.7016443133865229
26938,0.23400344064104853,0.7448788627371905,0.021117696621760957
26939,0.641226637596344,0.3334508332521978,0.02532252915145814
26940,0.09652858393070562,0.13273364597554219,0.7707377700937522
26941,0.08946384639233604,0.2104004249236258,0.7001357286840383
26942,0.06373324364696992,0.10839693038112343,0.8278698259719067
26943,0.04723202427771016,0.4047871830409859,0.547980792681304
26944,0.07225286017913718,0.10208953905991569,0.8256576007609471
26945,0.08473948869538864,0.44306056087589935,0.47219995042871205
26946,0.04308316616517654,0.09659858718851262,0.8603182466463108
26947,0.07328739306902708,0.15475321404575915,0.7719593928852138
26948,0.07567048309837529,0.37482975333533386,0.5494997635662908
26949,0.32309322130522966,0.1596783677837323,0.517228410911038
26950,0.19293063061275453,0.15077706935526894,0.6562923000319766
26951,0.42727161895679366,0.3017128191079759,0.27101556193523035
26952,0.1244509492059862,0.19942059076620272,0.6761284600278111
26953,0.11303868225037061,0.07431432079474838,0.812646996954881
26954,0.056542164309196785,0.14600977282921063,0.7974480628615925
26955,0.045119460843948855,0.5997211825361297,0.3551593566199213
26956,0.1415580305298357,0.25921605506315826,0.599225914407006
26957,0.6759281692652179,0.09772460169177664,0.2263472290430054
26958,0.25051793603491623,0.1338577722359903,0.6156242917290934
26959,0.06284735208781499,0.13737290582858974,0.7997797420835954
26960,0.060738620616291025,0.14986897208935807,0.789392407294351
26961,0.056737951176250724,0.12928890320862899,0.8139731456151204
26962,0.05152699219530231,0.610360641801265,0.3381123660034327
26963,0.3738386765297972,0.12175961177085631,0.5044017116993464
26964,0.11233070528064741,0.13193386846792274,0.7557354262514299
26965,0.044455556364155324,0.6368070979368238,0.3187373456990208
26966,0.06239410927047837,0.09796574623546864,0.839640144494053
26967,0.048471653332984636,0.09419526765572214,0.8573330790112933
26968,0.10723318660620208,0.1756546193674043,0.7171121940263936
26969,0.058833082085492365,0.07609564639027536,0.8650712715242322
26970,0.05691439166121021,0.11125322953645439,0.8318323788023354
26971,0.06949527114868703,0.27139598721330493,0.659108741638008
26972,0.14794730771987952,0.2710339893844138,0.5810187028957067
26973,0.09149790515377043,0.17721816638219362,0.7312839284640359
26974,0.037511563112102485,0.08196785265879487,0.8805205842291027
26975,0.044975669075060766,0.07836966658759165,0.8766546643373476
26976,0.1557447867667152,0.8109119052686321,0.03334330796465268
26977,0.10771365320081061,0.1768120307215224,0.715474316077667
26978,0.04738061656412278,0.11707372362675972,0.8355456598091175
26979,0.10317035657607199,0.24709232403571235,0.6497373193882157
26980,0.06304815838105467,0.17573640906864296,0.7612154325503024
26981,0.07743821875462278,0.36758326224576726,0.55497851899961
26982,0.05661217009027318,0.11102463423227542,0.8323631956774513
26983,0.09767960476214936,0.18452470470076754,0.7177956905370831
26984,0.06044002119299827,0.21535993355851193,0.7242000452484898
26985,0.07495274814102217,0.42816068254171397,0.496886569317264
26986,0.10405770279635104,0.1208548265333037,0.7750874706703452
26987,0.04062481439341499,0.7217402017684611,0.23763498383812384
26988,0.1314035968225154,0.30785513276767335,0.5607412704098113
26989,0.05049305360921276,0.6156296213730162,0.33387732501777106
26990,0.04874073373512116,0.08739361844375902,0.8638656478211197
26991,0.04445909428339612,0.07839483035818261,0.8771460753584212
26992,0.10367527676814807,0.6364324688502792,0.25989225438157276
26993,0.03756377892099101,0.08666870685758334,0.8757675142214256
26994,0.1114712719994991,0.15231519312982805,0.7362135348706729
26995,0.05729301298813935,0.20883801118711773,0.733868975824743
26996,0.04448944460854663,0.08263823415807933,0.872872321233374
26997,0.22522347351978497,0.4225431420385667,0.35223338444164837
26998,0.4977267012938895,0.11791510008448118,0.3843581986216293
26999,0.524828541973462,0.09338419040400497,0.3817872676225329
27000,0.06623154825026996,0.4349981262245316,0.49877032552519845
27001,0.06996512770260885,0.31566987265295754,0.6143649996444338
27002,0.061205660810131804,0.2477322732015585,0.6910620659883095
27003,0.07194849871052897,0.15275613289212295,0.775295368397348
27004,0.2573677781023534,0.15425825001338855,0.5883739718842581
27005,0.06985393476920781,0.2380987254145077,0.6920473398162845
27006,0.05164079002363155,0.09260741517068544,0.8557517948056831
27007,0.07408325316108795,0.7568938022065849,0.16902294463232717
27008,0.06714377506624843,0.19599067413936547,0.7368655507943862
27009,0.06699863405001724,0.1514663398171308,0.781535026132852
27010,0.03740554454622756,0.07445934667252355,0.888135108781249
27011,0.12821598723458952,0.5435479250633098,0.32823608770210055
27012,0.05071080337792015,0.07930941720782651,0.8699797794142533
27013,0.21258652035560718,0.12957715365747394,0.6578363259869189
27014,0.09319642352616703,0.4436565153827249,0.46314706109110815
27015,0.08979743157113652,0.4662386986940522,0.4439638697348113
27016,0.05899585945360986,0.09919857971952269,0.8418055608268675
27017,0.06250635712493931,0.10612373524496121,0.8313699076300995
27018,0.12770153427438033,0.12856488811640482,0.7437335776092149
27019,0.0945875105490452,0.16274481561043766,0.7426676738405171
27020,0.06512343222431019,0.22680945734894847,0.7080671104267413
27021,0.062067287119160555,0.339468631851279,0.5984640810295604
27022,0.039560652770873145,0.06406692638206013,0.8963724208470667
27023,0.148827553491038,0.31095920389395887,0.5402132426150031
27024,0.09524987500447021,0.20502408442315267,0.6997260405723771
27025,0.24900905554621947,0.11229742859713755,0.6386935158566429
27026,0.03826832069778286,0.09260961150650372,0.8691220677957134
27027,0.10400105840279975,0.09507383949045262,0.8009251021067476
27028,0.5077991496895236,0.09042209602902218,0.4017787542814543
27029,0.048972073393665605,0.11160562004505611,0.8394223065612784
27030,0.1861789361192198,0.5407527651861447,0.2730682986946355
27031,0.44400875967028186,0.26635218007786826,0.28963906025184977
27032,0.40726976070873966,0.1421062698481579,0.4506239694431025
27033,0.07147116704345893,0.0991990613801361,0.8293297715764049
27034,0.08611622826352079,0.16830082815216846,0.7455829435843108
27035,0.6358703979128864,0.09075006354761625,0.2733795385394974
27036,0.11289653789591775,0.14637963009734736,0.7407238320067349
27037,0.22467234452191936,0.4136534513256099,0.36167420415247065
27038,0.051126987033717194,0.07851025871012882,0.8703627542561541
27039,0.19057164048698236,0.15428250029064852,0.6551458592223691
27040,0.06572505500721296,0.10386121395751181,0.8304137310352753
27041,0.04403895204357913,0.0717562982540341,0.8842047497023867
27042,0.20538066440193958,0.767947900350564,0.026671435247496322
27043,0.05660358927335546,0.08395116887145947,0.859445241855185
27044,0.04911377138382914,0.09006851183376925,0.8608177167824016
27045,0.0874616660938637,0.13669303755875054,0.7758452963473857
27046,0.07062714971114632,0.11175702734927503,0.8176158229395788
27047,0.09506627018234177,0.5134888970255242,0.391444832792134
27048,0.27746938250948294,0.7145929647511363,0.00793765273938063
27049,0.16531906491675902,0.4128749054365732,0.4218060296466678
27050,0.052456026357870784,0.1085525416211233,0.838991432021006
27051,0.10106435325094164,0.329952190125131,0.5689834566239274
27052,0.046823595701552825,0.08153102031982198,0.8716453839786252
27053,0.06400575469202423,0.22576556640329876,0.7102286789046771
27054,0.066314602295209,0.1180588332115257,0.8156265644932653
27055,0.1962363035676107,0.7861403492138058,0.017623347218583416
27056,0.22786128453415416,0.7565345247888855,0.015604190676960509
27057,0.07334158824702944,0.38501723872341026,0.5416411730295603
27058,0.5067406115674699,0.1340093916851317,0.35924999674739844
27059,0.08427448042052971,0.12795985747866856,0.7877656621008018
27060,0.06048197593951862,0.13035484094397132,0.8091631831165101
27061,0.41695268902243315,0.17159802097410495,0.41144929000346186
27062,0.1820951465398681,0.11739880172010281,0.700506051740029
27063,0.046217806354767285,0.08734317492008827,0.8664390187251445
27064,0.040917291791095385,0.0668416269402172,0.8922410812686875
27065,0.06663706920864143,0.377405099465752,0.5559578313256066
27066,0.035745739833493946,0.0797824402424357,0.8844718199240702
27067,0.053799248782304715,0.12034269219556272,0.8258580590221327
27068,0.5410259571104562,0.10204717533314138,0.3569268675564024
27069,0.04455301992908925,0.08841522754123918,0.8670317525296716
27070,0.05236605539221561,0.07403004640287725,0.8736038982049072
27071,0.061320963151270266,0.08988293520386678,0.848796101644863
27072,0.06745382259436654,0.2589712522805596,0.6735749251250739
27073,0.1115915722760587,0.20222489059812984,0.6861835371258116
27074,0.1139760120000605,0.34271194464808236,0.5433120433518572
