,0,1,2,index
0,0.2633976881506293,0.5296158545158546,0.20698645733351614,26457
1,0.30024522145094906,0.5319047193489918,0.1678500592000592,26458
2,0.28906031191031195,0.515895462816051,0.19504422527363702,26459
3,0.31044348614348616,0.49933703953998076,0.19021947431653316,26460
4,0.3314730935730936,0.4703690704720117,0.19815783595489472,26461
5,0.2896054316111592,0.5302449659215914,0.1801496024672495,26462
6,0.28261917156917155,0.5327595503624916,0.1846212780683369,26463
7,0.27911594070417606,0.49636868621574504,0.22451537308007893,26464
8,0.2534175023806603,0.5383426709456121,0.20823982667372762,26465
9,0.27668960777784307,0.5162514046897948,0.20705898753236215,26466
10,0.26302454952454946,0.5120155517684929,0.2249598987069575,26467
11,0.27016163716457836,0.5298242905242905,0.20001407231113116,26468
12,0.27965990556284676,0.5206967291967293,0.1996433652404241,26469
13,0.26919019564313684,0.5236948236948237,0.20711498066203946,26470
14,0.27965990556284676,0.5206967291967293,0.1996433652404241,26471
15,0.2534175023806603,0.5383426709456121,0.20823982667372762,26472
16,0.27482615162615165,0.5333198474727887,0.19185400090105972,26473
17,0.29894926598456006,0.5169555816732287,0.1840951523422112,26474
18,0.30791118064941597,0.5147360431507491,0.177352776199835,26475
19,0.3272863873599168,0.4982412552589023,0.1744723573811809,26476
20,0.25933111071934606,0.5245525701909605,0.2161163190896937,26477
21,0.2807687120069473,0.5325716593863652,0.18665962860668742,26478
22,0.2810968560850914,0.5356576195046784,0.1832455244102303,26479
23,0.25935911398542977,0.5332638684787291,0.20737701753584106,26480
24,0.24791675731675733,0.5401943229972641,0.2118889196859785,26481
25,0.2752294335294335,0.5415596724626136,0.18321089400795282,26482
26,0.2878451363451363,0.5009865585394997,0.21116830511536389,26483
27,0.27016163716457836,0.5298242905242905,0.20001407231113116,26484
28,0.2980270174270174,0.49884836710130837,0.2031246154716743,26485
29,0.2786011044511045,0.5342200378053319,0.1871788577435636,26486
30,0.26436569492885287,0.5304193942223354,0.20521491084881177,26487
31,0.27230276390276387,0.5405214049566991,0.187175831140537,26488
32,0.2812515987280693,0.48042233996939876,0.2383260613025319,26489
33,0.29880449550449545,0.49807795973090097,0.20311754476460356,26490
34,0.27126842710666244,0.5216821498705402,0.20704942302279764,26491
35,0.2719141883171295,0.5344120231620233,0.19367378852084735,26492
36,0.26436569492885287,0.5304193942223354,0.20521491084881177,26493
37,0.2527820819703173,0.551784045148751,0.19543387288093172,26494
38,0.3097047166341284,0.48830973013914186,0.20198555322672967,26495
39,0.27965990556284676,0.5206967291967293,0.1996433652404241,26496
40,0.2723814492696846,0.49297840731679743,0.23464014341351805,26497
41,0.30344188698012226,0.5239367547485194,0.17262135827135827,26498
42,0.25969486439486433,0.5267199411699413,0.21358519443519444,26499
43,0.27343563767387297,0.5235089286473187,0.20305543367880832,26500
44,0.2618928497428497,0.5206552124288966,0.21745193782825362,26501
45,0.294601658689894,0.4976879264526325,0.20771041485747363,26502
46,0.3001325391498766,0.4706876967144769,0.2291797641356465,26503
47,0.2692275860305272,0.528173396973397,0.20259901699607585,26504
48,0.2710896054925467,0.5182245032745033,0.21068589123295006,26505
49,0.2733229411111765,0.5199355316739218,0.20674152721490185,26506
50,0.2980998128233423,0.5121183245947952,0.18978186258186258,26507
51,0.2556713311742723,0.5499747012247013,0.19435396760102647,26508
52,0.2910329107711461,0.509093630008336,0.19987345922051808,26509
53,0.2917701354201354,0.5070195313401195,0.20121033323974502,26510
54,0.26436569492885287,0.5304193942223354,0.20521491084881177,26511
55,0.3170722366957661,0.494049272078684,0.18887849122555003,26512
56,0.2964132230514584,0.512967137981844,0.19061963896669776,26513
57,0.282171120709356,0.521258820155879,0.196570059134765,26514
58,0.2878647574647575,0.5223360628478275,0.18979917968741497,26515
59,0.29372738851562386,0.5204058671176319,0.18586674436674436,26516
60,0.27730602828544004,0.5253888109654364,0.1973051607491236,26517
61,0.3034869382251736,0.5174459998607058,0.17906706191412075,26518
62,0.2741425204425204,0.5127944689297632,0.21306301062771654,26519
63,0.27965990556284676,0.5206967291967293,0.1996433652404241,26520
64,0.3034869382251736,0.5174459998607058,0.17906706191412075,26521
65,0.27672279681103207,0.5167874686258589,0.2064897345631092,26522
66,0.29315766749590283,0.5166195189342249,0.19022281356987236,26523
67,0.2788496828879182,0.5232574782458684,0.19789283886621348,26524
68,0.27965990556284676,0.5206967291967293,0.1996433652404241,26525
69,0.2622961359990771,0.5223302103125633,0.21537365368835956,26526
70,0.2924105849488203,0.5199491522638583,0.1876402627873216,26527
71,0.3011949098831452,0.4801751920135821,0.21862989810327269,26528
72,0.2772204824587178,0.5302097768244827,0.1925697407167995,26529
73,0.27965990556284676,0.5206967291967293,0.1996433652404241,26530
74,0.2750345802345802,0.5417462044491457,0.18321921531627414,26531
75,0.27965990556284676,0.5206967291967293,0.1996433652404241,26532
76,0.26283552373552366,0.5440075965428907,0.19315687972158563,26533
77,0.2572005262711145,0.5322244020685197,0.21057507166036574,26534
78,0.26544181069475187,0.49539467285953365,0.2391635164457146,26535
79,0.27939966253789783,0.5255858267005327,0.19501451076156956,26536
80,0.2844714682920565,0.508065927210045,0.2074626044978986,26537
81,0.275372391660627,0.4880182267566169,0.2366093815827562,26538
82,0.2767419831802186,0.524616870705261,0.19864114611452077,26539
83,0.3632794621615056,0.4620855179564158,0.1746350198820787,26540
84,0.2969683253565606,0.49492443438914036,0.20810724025429908,26541
85,0.2913601853484207,0.4886927448311349,0.21994706982044443,26542
86,0.2863433304168598,0.5248135927253575,0.18884307685778273,26543
87,0.3003248410630764,0.5349176855823916,0.16475747335453217,26544
88,0.2867370092870093,0.5178170558199969,0.19544593489299372,26545
89,0.35147542861335435,0.4746374813524968,0.17388709003414884,26546
90,0.23291168199991724,0.5656564799035387,0.201431838096544,26547
91,0.28353118123706356,0.5119281169810581,0.20454070178187828,26548
92,0.2796572962984728,0.5088739576327812,0.21146874606874605,26549
93,0.31440670364493895,0.5258893583540643,0.15970393800099683,26550
94,0.28634619639619646,0.5188236085265496,0.1948301950772539,26551
95,0.3144174969910264,0.4987298803592921,0.18685262264968144,26552
96,0.2848674429056782,0.526686134774525,0.18844642231979697,26553
97,0.2959808979691333,0.5107369674987322,0.19328213453213453,26554
98,0.29446901029253975,0.5083439672470633,0.19718702246039707,26555
99,0.2841575830487596,0.5109436083524319,0.20489880859880855,26556
100,0.2643922102951515,0.5366201964701965,0.19898759323465207,26557
101,0.27965990556284676,0.5206967291967293,0.1996433652404241,26558
102,0.2915540714187773,0.4908865755159873,0.2175593530652354,26559
103,0.2943608730049907,0.5084583341495106,0.19718079284549872,26560
104,0.2575181695211107,0.5389856994856995,0.20349613099318983,26561
105,0.27560490914314445,0.5299355122002181,0.1944595786566375,26562
106,0.2692275860305272,0.528173396973397,0.20259901699607585,26563
107,0.27935795609619146,0.5208986148870052,0.19974342901680361,26564
108,0.272662438650674,0.5190999767117415,0.20823758463758463,26565
109,0.26074428643252184,0.5151333967717869,0.22412231679569145,26566
110,0.24359135787959313,0.5540561191531779,0.20235252296722886,26567
111,0.2696788532817945,0.5136921892921894,0.2166289574260162,26568
112,0.2852871496695026,0.5363039776128012,0.17840887271769623,26569
113,0.2990788060523355,0.52500686818628,0.17591432576138455,26570
114,0.26578761674055795,0.4933301355449962,0.24088224771444589,26571
115,0.28827342951166485,0.5196538882685943,0.19207268221974103,26572
116,0.262282165982166,0.5332970258499671,0.20442080816786698,26573
117,0.30901202055025584,0.523967927279692,0.16702005217005217,26574
118,0.2871174151556505,0.5110862716746619,0.20179631316968777,26575
119,0.26436569492885287,0.5304193942223354,0.20521491084881177,26576
120,0.27839100006747064,0.4787941829412416,0.2428148169912876,26577
121,0.29082245086068614,0.5146514509398412,0.1945260981994728,26578
122,0.29025169460169453,0.5153365023865024,0.19441180301180302,26579
123,0.26881421421715535,0.5276043734043735,0.20358141237847122,26580
124,0.2606397528397529,0.5541095482948424,0.18525069886540474,26581
125,0.2757693225075578,0.5321847166994227,0.1920459607930196,26582
126,0.28261711164652337,0.5256677341120066,0.19171515424147004,26583
127,0.26791941642235767,0.5329669441669441,0.19911363941069823,26584
128,0.26881421421715535,0.5276043734043735,0.20358141237847122,26585
129,0.289903502053502,0.5074442316942316,0.20265226625226623,26586
130,0.2934165672018613,0.53256559116265,0.1740178416354887,26587
131,0.3034869382251736,0.5174459998607058,0.17906706191412075,26588
132,0.26346458835282366,0.5196233845617748,0.21691202708540175,26589
133,0.28930899090016743,0.5175471381559617,0.19314387094387092,26590
134,0.27230276390276387,0.5405214049566991,0.187175831140537,26591
135,0.27965990556284676,0.5206967291967293,0.1996433652404241,26592
136,0.305225146204558,0.5090225940668666,0.18575225972857554,26593
137,0.2719141883171295,0.5344120231620233,0.19367378852084735,26594
138,0.3110458440252558,0.5129533521976246,0.17600080377711955,26595
139,0.31713601180954126,0.5081540904571865,0.17470989773327233,26596
140,0.2946379483261836,0.49356794273264876,0.21179410894116774,26597
141,0.28563862684156804,0.49158272924758994,0.22277864391084207,26598
142,0.33475063553004725,0.4959262876556994,0.1693230768142533,26599
143,0.25080667404490936,0.5382338500222402,0.21095947593285053,26600
144,0.28024424692954103,0.5185854242707184,0.20117032879974053,26601
145,0.27224003512827044,0.49081923315762327,0.23694073171410635,26602
146,0.2885890664890665,0.49634023449317555,0.21507069901775783,26603
147,0.28261917156917155,0.5327595503624916,0.1846212780683369,26604
148,0.28604220703044236,0.5047553421524009,0.20920245081715666,26605
149,0.27965990556284676,0.5206967291967293,0.1996433652404241,26606
150,0.27362628221451757,0.4871431129815031,0.2392306048039794,26607
151,0.2812515987280693,0.48042233996939876,0.2383260613025319,26608
152,0.2692275860305272,0.528173396973397,0.20259901699607585,26609
153,0.27965990556284676,0.5206967291967293,0.1996433652404241,26610
154,0.28338985458985466,0.5096923545952957,0.20691779081484962,26611
155,0.2792290320790321,0.5159391152420565,0.20483185267891152,26612
156,0.35667715106244524,0.4864017079870021,0.15692114095055273,26613
157,0.2643049926681506,0.5303217511246923,0.20537325620715713,26614
158,0.26555475515769633,0.49075236451428406,0.24369288032801967,26615
159,0.2783001638883992,0.5076058921413411,0.21409394397025977,26616
160,0.27963204899675487,0.49289701692642873,0.22747093407681646,26617
161,0.3272936234789177,0.5041939342792283,0.16851244224185397,26618
162,0.2806944854709561,0.4914489466960054,0.22785656783303843,26619
163,0.2973700447757723,0.525502730597003,0.17712722462722463,26620
164,0.265934162787104,0.4958252367400974,0.2382406004727986,26621
165,0.28007327737621857,0.5202657527657528,0.19966096985802867,26622
166,0.2680784855667209,0.5204201801409234,0.21150133429235596,26623
167,0.29727504086327616,0.5086947449065097,0.19403021423021422,26624
168,0.25907528321351847,0.5488265156412215,0.19209820114525994,26625
169,0.27082972278266393,0.5217208569208569,0.20744942029647911,26626
170,0.2867370092870093,0.5178170558199969,0.19544593489299372,26627
171,0.2915786724169077,0.5077824397824398,0.2006388878006525,26628
172,0.2600625899155311,0.5355984143307673,0.20433899575370162,26629
173,0.2781727213962508,0.5213718303483009,0.20045544825544828,26630
174,0.28734776073599605,0.4942623945771005,0.21838984468690348,26631
175,0.2928822497763674,0.5199002089413856,0.18721754128224713,26632
176,0.29994444966797906,0.4931482284599933,0.20690732187202773,26633
177,0.30037727272727277,0.525844069764658,0.17377865750806926,26634
178,0.2606397528397529,0.5541095482948424,0.18525069886540474,26635
179,0.2812515987280693,0.48042233996939876,0.2383260613025319,26636
180,0.3144174969910264,0.4987298803592921,0.18685262264968144,26637
181,0.27149496353319885,0.5358917985065046,0.19261323796029678,26638
182,0.30166828944476004,0.4940967581438169,0.204234952411423,26639
183,0.27954186293009825,0.5011749264896324,0.2192832105802694,26640
184,0.3164246542128895,0.5057663349722172,0.17780901081489317,26641
185,0.29256486106486107,0.5025171512583276,0.2049179876768112,26642
186,0.27304978235272354,0.5336847504347505,0.19326546721252608,26643
187,0.3033125927449457,0.502720814806109,0.19396659244894537,26644
188,0.2666557794057794,0.5139870485723426,0.21935717202187793,26645
189,0.27965990556284676,0.5206967291967293,0.1996433652404241,26646
190,0.30179578940151697,0.5118605413048137,0.1863436692936693,26647
191,0.2643049926681506,0.5303217511246923,0.20537325620715713,26648
192,0.2719141883171295,0.5344120231620233,0.19367378852084735,26649
193,0.2746434798317151,0.5206499135883037,0.2047066065799812,26650
194,0.29068089796913327,0.5168339371957019,0.1924851648351648,26651
195,0.2765233513762926,0.4925151616300223,0.23096148699368513,26652
196,0.32951836540365953,0.4993590395443337,0.17112259505200683,26653
197,0.30496363451363456,0.5216880256997902,0.17334833978657507,26654
198,0.2954126273508626,0.521986319121768,0.18260105352736933,26655
199,0.27834922299922293,0.5289109471138883,0.1927398298868887,26656
200,0.27965990556284676,0.5206967291967293,0.1996433652404241,26657
201,0.23291168199991724,0.5656564799035387,0.201431838096544,26658
202,0.2757693225075578,0.5321847166994227,0.1920459607930196,26659
203,0.26348617580676403,0.4967233032762445,0.23979052091699143,26660
204,0.3034869382251736,0.5174459998607058,0.17906706191412075,26661
205,0.27965990556284676,0.5206967291967293,0.1996433652404241,26662
206,0.2859514070896424,0.5334691057308704,0.18057948717948716,26663
207,0.2976209845709846,0.522645286848228,0.1797337285807874,26664
208,0.2932211595593949,0.5217061767208827,0.18507266371972256,26665
209,0.28407909683482446,0.536834733561359,0.17908616960381665,26666
210,0.270154601722094,0.5274645235970313,0.20238087468087468,26667
211,0.289514381587911,0.4964429014283505,0.2140427169837386,26668
212,0.2680784855667209,0.5204201801409234,0.21150133429235596,26669
213,0.2867572397101809,0.5087220611632377,0.20452069912658147,26670
214,0.27965990556284676,0.5206967291967293,0.1996433652404241,26671
215,0.31738552929125685,0.5289514651957377,0.1536630055130055,26672
216,0.26436569492885287,0.5304193942223354,0.20521491084881177,26673
217,0.26955889176183295,0.5128802604802606,0.21756084775790657,26674
218,0.27548020791844313,0.5355129674247322,0.18900682465682467,26675
219,0.2506175946058299,0.5294987941195374,0.21988361127463296,26676
220,0.2727430953062532,0.5291769459298872,0.1980799587638597,26677
221,0.28593718982542515,0.5005945085415675,0.2134683016330075,26678
222,0.2891884441266794,0.5176922767806669,0.19311927909265372,26679
223,0.26791941642235767,0.5329669441669441,0.19911363941069823,26680
224,0.35667715106244524,0.4864017079870021,0.15692114095055273,26681
225,0.27965990556284676,0.5206967291967293,0.1996433652404241,26682
226,0.2829468449850803,0.5177367101251003,0.1993164448898195,26683
227,0.29093840157663686,0.5172741383888444,0.19178746003451885,26684
228,0.27332375391493036,0.5280790173878408,0.19859722869722868,26685
229,0.2840952091481503,0.48146977826095483,0.23443501259089494,26686
230,0.28587864651688183,0.5226647080530982,0.19145664543002006,26687
231,0.2890008580743875,0.5163771146065264,0.19462202731908612,26688
232,0.3109453335335689,0.48848393599864187,0.20057073046778923,26689
233,0.3163527768585045,0.5091387741830468,0.17450844895844894,26690
234,0.30201808746808745,0.5151742765948648,0.1828076359370477,26691
235,0.2757693225075578,0.5321847166994227,0.1920459607930196,26692
236,0.28137087542087535,0.5379800967006848,0.18064902787843962,26693
237,0.2622455587985,0.48529134188251843,0.2524630993189817,26694
238,0.2932686942686943,0.5042426357955769,0.20248866993572875,26695
239,0.29538153883153884,0.5182670689876571,0.18635139218080393,26696
240,0.28007327737621857,0.5202657527657528,0.19966096985802867,26697
241,0.28272002920826445,0.5082181433977101,0.2090618273940255,26698
242,0.27107942025294973,0.5246231187056265,0.20429746104142393,26699
243,0.30814538556272303,0.4810420405188207,0.21081257391845626,26700
244,0.29358162131985666,0.5124802803949864,0.19393809828515712,26701
245,0.2736917759800113,0.4982083745230804,0.22809984949690829,26702
246,0.2633976881506293,0.5296158545158546,0.20698645733351614,26703
247,0.2898425270807624,0.5158822783969844,0.19427519452225334,26704
248,0.2901193103193104,0.5281047424253307,0.181775947255359,26705
249,0.26647308617308624,0.5234772881802294,0.21004962564668447,26706
250,0.268446631799573,0.5169297813297814,0.2146235868706457,26707
251,0.28191222111222114,0.5119153464182876,0.2061724324694913,26708
252,0.30072937291466706,0.5073753320753321,0.19189529501000088,26709
253,0.2990788060523355,0.52500686818628,0.17591432576138455,26710
254,0.33025180560180567,0.49773824225883045,0.1720099521393639,26711
255,0.26881421421715535,0.5276043734043735,0.20358141237847122,26712
256,0.27965990556284676,0.5206967291967293,0.1996433652404241,26713
257,0.29148913776854957,0.5276415029357755,0.1808693592956751,26714
258,0.2758918273447685,0.5183189714425008,0.20578920121273062,26715
259,0.314991428614958,0.49198939861881047,0.19301917276623157,26716
260,0.2871174151556505,0.5110862716746619,0.20179631316968777,26717
261,0.2657127661010014,0.5203953415807906,0.21389189231820813,26718
262,0.29852705812705815,0.5088605142134554,0.19261242765948644,26719
263,0.27824889663713204,0.509445310783701,0.2123057925791672,26720
264,0.26436569492885287,0.5304193942223354,0.20521491084881177,26721
265,0.2825409971292325,0.49130300951771544,0.22615599335305214,26722
266,0.24629386865857456,0.521865352294764,0.2318407790466614,26723
267,0.30791118064941597,0.5147360431507491,0.177352776199835,26724
268,0.27209137344137346,0.5273427118633001,0.20056591469532642,26725
269,0.27671561510385045,0.5376801895272484,0.18560419536890124,26726
270,0.3141818345053639,0.5129527196058157,0.17286544588882052,26727
271,0.25944539643363174,0.5212820826175316,0.21927252094883673,26728
272,0.2858885002796768,0.515080915489739,0.19903058423058423,26729
273,0.2720281376575494,0.5221108946551671,0.20586096768728349,26730
274,0.3061134639869934,0.5138110170874878,0.18007551892551893,26731
275,0.2571599370128782,0.5274070966070966,0.21543296638002518,26732
276,0.31201930661930666,0.486778895831837,0.2012017975488564,26733
277,0.2880125864331747,0.5183855631296808,0.19360185043714453,26734
278,0.2932211595593949,0.5217061767208827,0.18507266371972256,26735
279,0.27486863572157694,0.5120351574351575,0.21309620684326566,26736
280,0.30610040112393055,0.5268421623039271,0.16705743657214242,26737
281,0.25124416988240517,0.5499133214280274,0.1988425086895675,26738
282,0.26337108773579365,0.5372353452647571,0.19939356699944938,26739
283,0.2491473274002686,0.53834604926091,0.21250662333882148,26740
284,0.2952832904568199,0.5113419433450395,0.1933747661981408,26741
285,0.2702190431572785,0.5369984224868127,0.19278253435590895,26742
286,0.2849295229824642,0.482881307472484,0.2321891695450519,26743
287,0.27935795609619146,0.5208986148870052,0.19974342901680361,26744
288,0.2812515987280693,0.48042233996939876,0.2383260613025319,26745
289,0.263176021255433,0.530956913451186,0.20586706529338109,26746
290,0.29519871054871055,0.5029954292983704,0.201805860152919,26747
291,0.2988241292476586,0.49757202340143525,0.20360384735090617,26748
292,0.28348931732755267,0.5148694292578194,0.201641253414628,26749
293,0.30483093943666695,0.5302076571519296,0.1649614034114034,26750
294,0.2871174151556505,0.5110862716746619,0.20179631316968777,26751
295,0.2750256558313834,0.5204427239369964,0.20453162023162022,26752
296,0.2863172700937407,0.49195884050589933,0.22172388940036,26753
297,0.2783529070058482,0.5145357198357199,0.20711137315843198,26754
298,0.28406269580093113,0.5081160992544893,0.20782120494457956,26755
299,0.2757693225075578,0.5321847166994227,0.1920459607930196,26756
300,0.31607753542753547,0.49177901978196087,0.1921434447905036,26757
301,0.2913601853484207,0.4886927448311349,0.21994706982044443,26758
302,0.29868477372300906,0.5229078380225439,0.17840738825444707,26759
303,0.2976209845709846,0.522645286848228,0.1797337285807874,26760
304,0.25651337964867377,0.5404071910660146,0.20307942928531167,26761
305,0.2950901857459133,0.5262602857869111,0.17864952846717552,26762
306,0.252529463782405,0.4965698661847269,0.2509006700328682,26763
307,0.27965990556284676,0.5206967291967293,0.1996433652404241,26764
308,0.26630763310763317,0.5318880107909519,0.2018043561014149,26765
309,0.30179578940151697,0.5118605413048137,0.1863436692936693,26766
310,0.29062328336151866,0.5208878728025788,0.18848884383590264,26767
311,0.2575866078366078,0.5149138923168336,0.2274994998465587,26768
312,0.2712721271103624,0.5148207529885548,0.21390711990108277,26769
313,0.2956839105339105,0.5264138109167521,0.17790227854933738,26770
314,0.2843322817705171,0.5296666974637564,0.18600102076572664,26771
315,0.2981476522502839,0.515476361426671,0.18637598632304514,26772
316,0.3027000695383048,0.5214995352142411,0.17580039524745408,26773
317,0.29256486106486107,0.5025171512583276,0.2049179876768112,26774
318,0.27016163716457836,0.5298242905242905,0.20001407231113116,26775
319,0.2803001324383677,0.5330297376915024,0.18667012987012985,26776
320,0.2795715758098111,0.5246386868033928,0.19578973738679623,26777
321,0.2924105849488203,0.5199491522638583,0.1876402627873216,26778
322,0.28072571056394585,0.5320812682959742,0.18719302114007996,26779
323,0.28491762975586504,0.5277405423552483,0.1873418278888867,26780
324,0.307253151641387,0.4982148384295442,0.19453200992906874,26781
325,0.3034869382251736,0.5174459998607058,0.17906706191412075,26782
326,0.294601658689894,0.4976879264526325,0.20771041485747363,26783
327,0.2969683253565606,0.49492443438914036,0.20810724025429908,26784
328,0.2921450264332618,0.4736255898785311,0.23422938368820717,26785
329,0.2786680404562758,0.5107841922725824,0.21054776727114186,26786
330,0.33245871633812807,0.49436323959265127,0.17317804406922052,26787
331,0.2915034955240837,0.5162279873721051,0.19226851710381118,26788
332,0.2833304021686375,0.5188335429219331,0.19783605490942952,26789
333,0.2868602054807937,0.5158295857737035,0.19731020874550287,26790
334,0.2844724420459714,0.5391944139738257,0.1763331439802028,26791
335,0.3079779120661474,0.515826832965223,0.1761952549686296,26792
336,0.2827621323121323,0.530734952737894,0.18650291494997379,26793
337,0.31715631002983946,0.5226394929689048,0.16020419700125582,26794
338,0.29145686459509984,0.5066432803579863,0.20189985504691385,26795
339,0.26881421421715535,0.5276043734043735,0.20358141237847122,26796
340,0.2896269135004429,0.5264525975056935,0.18392048899386362,26797
341,0.31688988603988605,0.5075047960753843,0.17560531788472963,26798
342,0.2343844421373833,0.5581971285794814,0.2074184292831352,26799
343,0.2721224285518403,0.515232961477234,0.21264460997092574,26800
344,0.29953042991866524,0.5296673110057012,0.1708022590756337,26801
345,0.2867370092870093,0.5178170558199969,0.19544593489299372,26802
346,0.3064950678950679,0.5025772227772227,0.19092770932770936,26803
347,0.29538153883153884,0.5182670689876571,0.18635139218080393,26804
348,0.2969683253565606,0.49425776772247365,0.20877390692096576,26805
349,0.3272936234789177,0.5041939342792283,0.16851244224185397,26806
350,0.29898138942241115,0.5251231874821658,0.17589542309542308,26807
351,0.279482040834982,0.5171856568268334,0.2033323023381847,26808
352,0.28953942528632937,0.519950476315337,0.1905100983983337,26809
353,0.30726539723892665,0.5131205536236497,0.17961404913742374,26810
354,0.3112747004629358,0.4910535478682537,0.19767175166881046,26811
355,0.3144174969910264,0.4995743248037366,0.18600817820523702,26812
356,0.2862309275691629,0.5234617702501604,0.19030730218067682,26813
357,0.2625457030986443,0.48649813508931167,0.25095616181204417,26814
358,0.24883154688448803,0.5473416507240038,0.20382680239150827,26815
359,0.276672613660849,0.5383675762146349,0.18495981012451598,26816
360,0.29422651662063426,0.49460248901425363,0.21117099436511202,26817
361,0.3498030269409527,0.48248602170103716,0.16771095135801017,26818
362,0.29315766749590283,0.5166195189342249,0.19022281356987236,26819
363,0.2671566462948816,0.5012472327179758,0.23159612098714266,26820
364,0.28158764046411106,0.5013417205887795,0.21707063894710948,26821
365,0.27418117873411985,0.5410530671942437,0.18476575407163642,26822
366,0.27965990556284676,0.5206967291967293,0.1996433652404241,26823
367,0.30568682657212065,0.5119975084828026,0.18231566494507667,26824
368,0.2969683253565606,0.49492443438914036,0.20810724025429908,26825
369,0.2728465792377557,0.531507270616094,0.19564615014615017,26826
370,0.2738997686466727,0.5316361129009737,0.19446411845235376,26827
371,0.2695654116036469,0.5551364039011097,0.17529818449524331,26828
372,0.29102711523083047,0.5251492822221925,0.18382360254697716,26829
373,0.2895019269401623,0.518222283810674,0.19227578924916386,26830
374,0.2861229844229844,0.5015364616864617,0.21234055389055384,26831
375,0.2792290320790321,0.5159391152420565,0.20483185267891152,26832
376,0.26593420218126107,0.5053871604430429,0.22867863737569621,26833
377,0.2855537380919734,0.5106939121823023,0.2037523497257243,26834
378,0.29486874160697696,0.48721089704928716,0.21792036134373594,26835
379,0.28906031191031195,0.5146510183716065,0.19628866971808148,26836
380,0.25963977427800955,0.545493630008336,0.19486659571365456,26837
381,0.24919262328085862,0.523383853069302,0.22742352364983948,26838
382,0.27287605281428806,0.5186715317362376,0.2084524154494743,26839
383,0.27954186293009825,0.5011749264896324,0.2192832105802694,26840
384,0.27672279681103207,0.5167874686258589,0.2064897345631092,26841
385,0.3116280941338217,0.5276869112311837,0.16068499463499464,26842
386,0.26436569492885287,0.5304193942223354,0.20521491084881177,26843
387,0.2730205393734806,0.517639134939135,0.20934032568738448,26844
388,0.25586675840499373,0.5415829971713875,0.20255024442361905,26845
389,0.2783529070058482,0.5145357198357199,0.20711137315843198,26846
390,0.2845839734339734,0.519035248085248,0.1963807784807785,26847
391,0.2662140444522797,0.5394087269971172,0.1943772285506032,26848
392,0.31809126049389214,0.504515211465521,0.1773935280405869,26849
393,0.3071781736839012,0.5238975191417916,0.16892430717430718,26850
394,0.2517406204906205,0.5143824790677733,0.2338769004416063,26851
395,0.2871174151556505,0.5110862716746619,0.20179631316968777,26852
396,0.3086360787360788,0.49783545223839337,0.19352846902552784,26853
397,0.31604613316966257,0.5078796022060729,0.17607426462426462,26854
398,0.300074723860018,0.4955274896127838,0.20439778652719828,26855
399,0.26881421421715535,0.5276043734043735,0.20358141237847122,26856
400,0.26881421421715535,0.5276043734043735,0.20358141237847122,26857
401,0.27362628221451757,0.4871431129815031,0.2392306048039794,26858
402,0.2806979964479964,0.5310011051040464,0.18830089844795728,26859
403,0.290983252700745,0.5251421774246852,0.18387456987456988,26860
404,0.2969683253565606,0.49492443438914036,0.20810724025429908,26861
405,0.290166897916898,0.5080313297813296,0.2018017723017723,26862
406,0.29315766749590283,0.5166195189342249,0.19022281356987236,26863
407,0.30758279128851884,0.5255849058291782,0.16683230288230289,26864
408,0.29633274470627413,0.5148127170158131,0.1888545382779129,26865
409,0.286169233707469,0.5270720996868057,0.18675866660572543,26866
410,0.2643049926681506,0.5303217511246923,0.20537325620715713,26867
411,0.28650298884122416,0.5244172767319827,0.18907973442679327,26868
412,0.26881421421715535,0.5276043734043735,0.20358141237847122,26869
413,0.32701128838481786,0.5100786760080878,0.16291003560709444,26870
414,0.29016545840926644,0.513229579885772,0.1966049617049617,26871
415,0.26436569492885287,0.5304193942223354,0.20521491084881177,26872
416,0.2886527528027528,0.5272167230373113,0.18413052415993594,26873
417,0.28593682167505696,0.5255844428991489,0.18847873542579424,26874
418,0.31201930661930666,0.486778895831837,0.2012017975488564,26875
419,0.30791118064941597,0.5147360431507491,0.177352776199835,26876
420,0.25740832413773596,0.5340084267526993,0.20858324910956488,26877
421,0.3252669517960539,0.46056574666017386,0.21416730154377212,26878
422,0.3113538484391426,0.4937694635429929,0.19487668801786445,26879
423,0.3034869382251736,0.5174459998607058,0.17906706191412075,26880
424,0.31759075369075374,0.5025392015392016,0.17987004477004476,26881
425,0.3001033985622221,0.504489890284008,0.19540671115376998,26882
426,0.28819488289488293,0.49719238974533103,0.21461272735978615,26883
427,0.2835368353868354,0.5147918507418507,0.2016713138713139,26884
428,0.2868335619717973,0.5197562128446028,0.1934102251835998,26885
429,0.27817294557294553,0.5410614725144138,0.18076558191264075,26886
430,0.32663744394007554,0.5046204081207176,0.16874214793920678,26887
431,0.32397576498149255,0.5188569967012692,0.1571672383172383,26888
432,0.2964132230514584,0.512967137981844,0.19061963896669776,26889
433,0.2866633063015416,0.5116657763804823,0.20167091731797612,26890
434,0.2982758271140624,0.5242094919241979,0.17751468096173978,26891
435,0.26587220111043636,0.5067838456692946,0.22734395322026907,26892
436,0.2976209845709846,0.522645286848228,0.1797337285807874,26893
437,0.27398472562296095,0.5233879135026195,0.20262736087441965,26894
438,0.29394897248720775,0.5285891419038479,0.17746188560894444,26895
439,0.3080928697663991,0.5257184806478924,0.1661886495857084,26896
440,0.25682438596262125,0.5424920649067709,0.20068354913060799,26897
441,0.28808010605951784,0.5138772412715139,0.19804265266896848,26898
442,0.2833658767158767,0.5326619072648484,0.18397221601927485,26899
443,0.3019239205239205,0.4956928465869642,0.20238323288911525,26900
444,0.30335216189039726,0.5174252798399859,0.17922255826961708,26901
445,0.289514381587911,0.4964429014283505,0.2140427169837386,26902
446,0.2544369075369075,0.5365395906925319,0.20902350177056056,26903
447,0.2968371768754122,0.5093612327759388,0.19380159034864916,26904
448,0.2783529070058482,0.5145357198357199,0.20711137315843198,26905
449,0.2715631230425349,0.5237148592091317,0.2047220177483336,26906
450,0.2925101989513755,0.5111731584319821,0.1963166426166426,26907
451,0.3241334354213612,0.49111658188159735,0.18474998269704151,26908
452,0.2956839105339105,0.5264138109167521,0.17790227854933738,26909
453,0.3129543101778396,0.5094185743450451,0.17762711547711546,26910
454,0.3340379619405936,0.492259082409392,0.17370295565001448,26911
455,0.2562493868876222,0.5174841959725862,0.22626641713979173,26912
456,0.31701348618701564,0.504472250075346,0.17851426373763835,26913
457,0.2972032163914517,0.49505306501777097,0.20774371859077742,26914
458,0.27328037703037705,0.5334408054908055,0.19327881747881748,26915
459,0.29191345615169145,0.518873613962004,0.1892129298863045,26916
460,0.2800392847892848,0.5177236825266238,0.20223703268409152,26917
461,0.2964132230514584,0.512967137981844,0.19061963896669776,26918
462,0.3498030269409527,0.48248602170103716,0.16771095135801017,26919
463,0.29152801457801464,0.5095530346559759,0.1989189507660096,26920
464,0.28802361897361906,0.5113528905734788,0.20062349045290223,26921
465,0.26881421421715535,0.5276043734043735,0.20358141237847122,26922
466,0.30783319382142915,0.5001533841917744,0.19201342198679658,26923
467,0.26535626361942155,0.5207077799107211,0.21393595646985739,26924
468,0.33106398459927877,0.4885074594251065,0.18042855597561477,26925
469,0.2866337118219472,0.5017145257792318,0.21165176239882122,26926
470,0.27352202536026066,0.5141295321179222,0.21234844252181712,26927
471,0.3034869382251736,0.5174459998607058,0.17906706191412075,26928
472,0.26169955665249783,0.49685696884814534,0.24144347449935682,26929
473,0.2727787963670317,0.5056281415752004,0.2215930620577679,26930
474,0.25261623256917376,0.5330629721041487,0.2143207953266777,26931
475,0.2684945306327659,0.5364111264495166,0.19509434291771754,26932
476,0.2771040348597624,0.5346700611966866,0.18822590394355102,26933
477,0.25957318672612795,0.49507025098511165,0.24535656228876043,26934
478,0.31319735177676356,0.5021788073582192,0.18462384086501732,26935
479,0.2830751263986558,0.5357559226176873,0.18116895098365687,26936
480,0.268431831784773,0.5133904104552711,0.2181777577599559,26937
481,0.2738178346707759,0.5076139581551347,0.21856820717408953,26938
482,0.30807053502053505,0.5010563529063529,0.19087311207311206,26939
483,0.2569908764438176,0.5126483821132428,0.23036074144293955,26940
484,0.2923117800500153,0.5186928641075701,0.18899535584241464,26941
485,0.2757484248866602,0.5235734400618302,0.20067813505150967,26942
486,0.2898425270807624,0.5158822783969844,0.19427519452225334,26943
487,0.2812370610870611,0.5426010884540297,0.1761618504589093,26944
488,0.2991416768416769,0.4929993642523054,0.20785895890601772,26945
489,0.2544369075369075,0.5365395906925319,0.20902350177056056,26946
490,0.2764406784936197,0.5191195693195694,0.204439752186811,26947
491,0.31247081774434715,0.522329070058482,0.16520011219717098,26948
492,0.2972760076524783,0.49766332121038,0.20506067113714171,26949
493,0.28788639138639144,0.5129406488935901,0.19917295972001853,26950
494,0.323553441003441,0.49987338489397304,0.17657317410258588,26951
495,0.2847787418463889,0.5133963180552966,0.2018249400983147,26952
496,0.28903029835088656,0.5294841084841085,0.18148559316500493,26953
497,0.2956839105339105,0.5264138109167521,0.17790227854933738,26954
498,0.2694603859103859,0.518789827710416,0.2117497863791981,26955
499,0.3034869382251736,0.5174459998607058,0.17906706191412075,26956
500,0.2969860833066716,0.5187301549213313,0.18428376177199707,26957
501,0.2933207159942454,0.5200543975574936,0.18662488644826108,26958
502,0.2783001638883992,0.5076058921413411,0.21409394397025977,26959
503,0.2943529129911483,0.5080992364876267,0.19754785052122517,26960
504,0.263424864024864,0.5438759763112705,0.19269915966386553,26961
505,0.30874508443626086,0.5174064048152284,0.17384851074851074,26962
506,0.29754246309246307,0.5015178587207999,0.20093967818673703,26963
507,0.2871717145599499,0.49523109254579845,0.21759719289425172,26964
508,0.27814155049743283,0.5174678765678765,0.20439057293469057,26965
509,0.29145686459509984,0.5066432803579863,0.20189985504691385,26966
510,0.30873597622421156,0.47195454044293045,0.21930948333285794,26967
511,0.27521673065496605,0.5287474734358637,0.19603579590917053,26968
512,0.2723814492696846,0.49297840731679743,0.23464014341351805,26969
513,0.2919155725538079,0.5026691211838271,0.20541530626236507,26970
514,0.3034869382251736,0.5174459998607058,0.17906706191412075,26971
515,0.2603504062386416,0.5265832136216039,0.21306638013975476,26972
516,0.28695326155898915,0.5274639730582455,0.18558276538276536,26973
517,0.26436569492885287,0.5304193942223354,0.20521491084881177,26974
518,0.26436569492885287,0.5304193942223354,0.20521491084881177,26975
519,0.2547599955599956,0.5377411724441136,0.20749883199589086,26976
520,0.3089494571876925,0.4853664823194236,0.205684060492884,26977
521,0.2866275975658329,0.5206213773097674,0.19275102512439973,26978
522,0.27881291040114575,0.4955204529675118,0.2256666366313425,26979
523,0.2880072065246988,0.5255849494674572,0.18640784400784402,26980
524,0.28171737793796614,0.5182631263072438,0.20001949575478983,26981
525,0.266210168698404,0.5224805341659832,0.2113092971356129,26982
526,0.2970015143897497,0.4956509745156804,0.2073475110945699,26983
527,0.27769048533166185,0.5108678970267205,0.21144161764161767,26984
528,0.2771535804065216,0.5154433677433679,0.2074030518501107,26985
529,0.26881421421715535,0.5276043734043735,0.20358141237847122,26986
530,0.25072409736233264,0.5171819001202903,0.23209400251737713,26987
531,0.27640366637719577,0.5354197435462141,0.1881765900765901,26988
532,0.31117240874593816,0.5106466608497569,0.17818093040430502,26989
533,0.2776823353117471,0.5141611703054428,0.20815649438281017,26990
534,0.3182367225367225,0.48922817618111736,0.19253510128216011,26991
535,0.2633377784524843,0.5316291049908697,0.2050331165566459,26992
536,0.27216511005334537,0.5366302616773204,0.19120462826933413,26993
537,0.2692275860305272,0.528173396973397,0.20259901699607585,26994
538,0.26593420218126107,0.5053871604430429,0.22867863737569621,26995
539,0.2798483200894966,0.5070771211359446,0.21307455877455878,26996
540,0.2849295229824642,0.482881307472484,0.2321891695450519,26997
541,0.29204562659562655,0.5104725116930999,0.19748186171127347,26998
542,0.2600625899155311,0.5355984143307673,0.20433899575370162,26999
543,0.26791941642235767,0.5329669441669441,0.19911363941069823,27000
544,0.28511903086020735,0.5172093629681864,0.19767160617160617,27001
545,0.28645558787617614,0.521002938347056,0.1925414737767679,27002
546,0.3034697854433149,0.5123204093235053,0.18420980523317984,27003
547,0.25396868937163053,0.5458770507270507,0.20015425990131872,27004
548,0.29613070045422996,0.5179377972732463,0.18593150227252395,27005
549,0.30374909752556817,0.49155663160369045,0.2046942708707414,27006
550,0.2849612083994438,0.5056574745458648,0.20938131705469165,27007
551,0.2417737676267088,0.542701105315966,0.21552512705732524,27008
552,0.29819948265242385,0.4898834090745856,0.21191710827299062,27009
553,0.2983739623121977,0.5069669835553737,0.19465905413242873,27010
554,0.27944552408375944,0.5180955401839303,0.20245893573231033,27011
555,0.2896362893098187,0.5118800607831568,0.1984836499070245,27012
556,0.2972032163914517,0.49505306501777097,0.20774371859077742,27013
557,0.262282165982166,0.5332970258499671,0.20442080816786698,27014
558,0.2388086401615813,0.4987627480362775,0.2624286118021412,27015
559,0.28610200094023625,0.5196696142580044,0.1942283848017594,27016
560,0.2891005963535375,0.5124558606970373,0.1984435429494253,27017
561,0.2648931916667211,0.5149160174191135,0.22019079091416552,27018
562,0.30335216189039726,0.5174252798399859,0.17922255826961708,27019
563,0.2783447589447589,0.5413892743422155,0.18026596671302555,27020
564,0.28446705810529344,0.5290207508178095,0.18651219107689693,27021
565,0.2783966470348823,0.5210058261942164,0.2005975267709014,27022
566,0.26848177378750127,0.5441590835033561,0.18735914270914272,27023
567,0.28446705810529344,0.5290207508178095,0.18651219107689693,27024
568,0.27965990556284676,0.5206967291967293,0.1996433652404241,27025
569,0.2924105849488203,0.5199491522638583,0.1876402627873216,27026
570,0.284288288726524,0.5312972701590348,0.1844144411144411,27027
571,0.25396868937163053,0.5458770507270507,0.20015425990131872,27028
572,0.2964132230514584,0.512967137981844,0.19061963896669776,27029
573,0.30335216189039726,0.5174252798399859,0.17922255826961708,27030
574,0.27016163716457836,0.5298242905242905,0.20001407231113116,27031
575,0.2964132230514584,0.512967137981844,0.19061963896669776,27032
576,0.3050262044056161,0.5098564565007291,0.1851173390936549,27033
577,0.28748387168959927,0.5272153439096163,0.1853007844007844,27034
578,0.257080597833539,0.5200999645234939,0.22281943764296702,27035
579,0.2936591822121234,0.506122612463789,0.20021820532408768,27036
580,0.2973700447757723,0.525502730597003,0.17712722462722463,27037
581,0.30374909752556817,0.49155663160369045,0.2046942708707414,27038
582,0.3067513224248518,0.5028511109805229,0.19039756659462542,27039
583,0.30201808746808745,0.5151742765948648,0.1828076359370477,27040
584,0.2721693658193658,0.5092658681188093,0.2185647660618249,27041
585,0.27965990556284676,0.5206967291967293,0.1996433652404241,27042
586,0.29681328040151567,0.5019578064636888,0.20122891313479546,27043
587,0.26554756572403626,0.5128606276076864,0.22159180666827724,27044
588,0.2969683253565606,0.49492443438914036,0.20810724025429908,27045
