index,0,1,2
26457,0.263397688,0.529615855,0.206986457
26458,0.300245221,0.531904719,0.167850059
26459,0.289060312,0.515895463,0.195044225
26460,0.310443486,0.49933704,0.190219474
26461,0.331473094,0.47036907,0.198157836
26462,0.289605432,0.530244966,0.180149602
26463,0.282619172,0.53275955,0.184621278
26464,0.279115941,0.496368686,0.224515373
26465,0.253417502,0.538342671,0.208239827
26466,0.276689608,0.516251405,0.207058988
26467,0.26302455,0.512015552,0.224959899
26468,0.270161637,0.529824291,0.200014072
26469,0.279659906,0.520696729,0.199643365
26470,0.269190196,0.523694824,0.207114981
26471,0.279659906,0.520696729,0.199643365
26472,0.253417502,0.538342671,0.208239827
26473,0.274826152,0.533319847,0.191854001
26474,0.298949266,0.516955582,0.184095152
26475,0.307911181,0.514736043,0.177352776
26476,0.327286387,0.498241255,0.174472357
26477,0.259331111,0.52455257,0.216116319
26478,0.280768712,0.532571659,0.186659629
26479,0.281096856,0.53565762,0.183245524
26480,0.259359114,0.533263868,0.207377018
26481,0.247916757,0.540194323,0.21188892
26482,0.275229434,0.541559672,0.183210894
26483,0.287845136,0.500986559,0.211168305
26484,0.270161637,0.529824291,0.200014072
26485,0.298027017,0.498848367,0.203124615
26486,0.278601104,0.534220038,0.187178858
26487,0.264365695,0.530419394,0.205214911
26488,0.272302764,0.540521405,0.187175831
26489,0.281251599,0.48042234,0.238326061
26490,0.298804496,0.49807796,0.203117545
26491,0.271268427,0.52168215,0.207049423
26492,0.271914188,0.534412023,0.193673789
26493,0.264365695,0.530419394,0.205214911
26494,0.252782082,0.551784045,0.195433873
26495,0.309704717,0.48830973,0.201985553
26496,0.279659906,0.520696729,0.199643365
26497,0.272381449,0.492978407,0.234640143
26498,0.303441887,0.523936755,0.172621358
26499,0.259694864,0.526719941,0.213585194
26500,0.273435638,0.523508929,0.203055434
26501,0.26189285,0.520655212,0.217451938
26502,0.294601659,0.497687926,0.207710415
26503,0.300132539,0.470687697,0.229179764
26504,0.269227586,0.528173397,0.202599017
26505,0.271089605,0.518224503,0.210685891
26506,0.273322941,0.519935532,0.206741527
26507,0.298099813,0.512118325,0.189781863
26508,0.255671331,0.549974701,0.194353968
26509,0.291032911,0.50909363,0.199873459
26510,0.291770135,0.507019531,0.201210333
26511,0.264365695,0.530419394,0.205214911
26512,0.317072237,0.494049272,0.188878491
26513,0.296413223,0.512967138,0.190619639
26514,0.282171121,0.52125882,0.196570059
26515,0.287864757,0.522336063,0.18979918
26516,0.293727389,0.520405867,0.185866744
26517,0.277306028,0.525388811,0.197305161
26518,0.303486938,0.517446,0.179067062
26519,0.27414252,0.512794469,0.213063011
26520,0.279659906,0.520696729,0.199643365
26521,0.303486938,0.517446,0.179067062
26522,0.276722797,0.516787469,0.206489735
26523,0.293157667,0.516619519,0.190222814
26524,0.278849683,0.523257478,0.197892839
26525,0.279659906,0.520696729,0.199643365
26526,0.262296136,0.52233021,0.215373654
26527,0.292410585,0.519949152,0.187640263
26528,0.30119491,0.480175192,0.218629898
26529,0.277220482,0.530209777,0.192569741
26530,0.279659906,0.520696729,0.199643365
26531,0.27503458,0.541746204,0.183219215
26532,0.279659906,0.520696729,0.199643365
26533,0.262835524,0.544007597,0.19315688
26534,0.257200526,0.532224402,0.210575072
26535,0.265441811,0.495394673,0.239163516
26536,0.279399663,0.525585827,0.195014511
26537,0.284471468,0.508065927,0.207462604
26538,0.275372392,0.488018227,0.236609382
26539,0.276741983,0.524616871,0.198641146
26540,0.363279462,0.462085518,0.17463502
26541,0.296968325,0.494924434,0.20810724
26542,0.291360185,0.488692745,0.21994707
26543,0.28634333,0.524813593,0.188843077
26544,0.300324841,0.534917686,0.164757473
26545,0.286737009,0.517817056,0.195445935
26546,0.351475429,0.474637481,0.17388709
26547,0.232911682,0.56565648,0.201431838
26548,0.283531181,0.511928117,0.204540702
26549,0.279657296,0.508873958,0.211468746
26550,0.314406704,0.525889358,0.159703938
26551,0.286346196,0.518823609,0.194830195
26552,0.314417497,0.49872988,0.186852623
26553,0.284867443,0.526686135,0.188446422
26554,0.295980898,0.510736967,0.193282135
26555,0.29446901,0.508343967,0.197187022
26556,0.284157583,0.510943608,0.204898809
26557,0.26439221,0.536620196,0.198987593
26558,0.279659906,0.520696729,0.199643365
26559,0.291554071,0.490886576,0.217559353
26560,0.294360873,0.508458334,0.197180793
26561,0.25751817,0.538985699,0.203496131
26562,0.275604909,0.529935512,0.194459579
26563,0.269227586,0.528173397,0.202599017
26564,0.279357956,0.520898615,0.199743429
26565,0.272662439,0.519099977,0.208237585
26566,0.260744286,0.515133397,0.224122317
26567,0.243591358,0.554056119,0.202352523
26568,0.269678853,0.513692189,0.216628957
26569,0.28528715,0.536303978,0.178408873
26570,0.299078806,0.525006868,0.175914326
26571,0.265787617,0.493330136,0.240882248
26572,0.28827343,0.519653888,0.192072682
26573,0.262282166,0.533297026,0.204420808
26574,0.309012021,0.523967927,0.167020052
26575,0.287117415,0.511086272,0.201796313
26576,0.264365695,0.530419394,0.205214911
26577,0.278391,0.478794183,0.242814817
26578,0.290822451,0.514651451,0.194526098
26579,0.290251695,0.515336502,0.194411803
26580,0.268814214,0.527604373,0.203581412
26581,0.260639753,0.554109548,0.185250699
26582,0.275769323,0.532184717,0.192045961
26583,0.282617112,0.525667734,0.191715154
26584,0.267919416,0.532966944,0.199113639
26585,0.268814214,0.527604373,0.203581412
26586,0.289903502,0.507444232,0.202652266
26587,0.293416567,0.532565591,0.174017842
26588,0.303486938,0.517446,0.179067062
26589,0.263464588,0.519623385,0.216912027
26590,0.289308991,0.517547138,0.193143871
26591,0.272302764,0.540521405,0.187175831
26592,0.279659906,0.520696729,0.199643365
26593,0.305225146,0.509022594,0.18575226
26594,0.271914188,0.534412023,0.193673789
26595,0.311045844,0.512953352,0.176000804
26596,0.317136012,0.50815409,0.174709898
26597,0.294637948,0.493567943,0.211794109
26598,0.285638627,0.491582729,0.222778644
26599,0.334750636,0.495926288,0.169323077
26600,0.250806674,0.53823385,0.210959476
26601,0.280244247,0.518585424,0.201170329
26602,0.272240035,0.490819233,0.236940732
26603,0.288589066,0.496340234,0.215070699
26604,0.282619172,0.53275955,0.184621278
26605,0.286042207,0.504755342,0.209202451
26606,0.279659906,0.520696729,0.199643365
26607,0.273626282,0.487143113,0.239230605
26608,0.281251599,0.48042234,0.238326061
26609,0.269227586,0.528173397,0.202599017
26610,0.279659906,0.520696729,0.199643365
26611,0.283389855,0.509692355,0.206917791
26612,0.279229032,0.515939115,0.204831853
26613,0.356677151,0.486401708,0.156921141
26614,0.264304993,0.530321751,0.205373256
26615,0.265554755,0.490752365,0.24369288
26616,0.278300164,0.507605892,0.214093944
26617,0.279632049,0.492897017,0.227470934
26618,0.327293623,0.504193934,0.168512442
26619,0.280694485,0.491448947,0.227856568
26620,0.297370045,0.525502731,0.177127225
26621,0.265934163,0.495825237,0.2382406
26622,0.280073277,0.520265753,0.19966097
26623,0.268078486,0.52042018,0.211501334
26624,0.297275041,0.508694745,0.194030214
26625,0.259075283,0.548826516,0.192098201
26626,0.270829723,0.521720857,0.20744942
26627,0.286737009,0.517817056,0.195445935
26628,0.291578672,0.50778244,0.200638888
26629,0.26006259,0.535598414,0.204338996
26630,0.278172721,0.52137183,0.200455448
26631,0.287347761,0.494262395,0.218389845
26632,0.29288225,0.519900209,0.187217541
26633,0.29994445,0.493148228,0.206907322
26634,0.300377273,0.52584407,0.173778658
26635,0.260639753,0.554109548,0.185250699
26636,0.281251599,0.48042234,0.238326061
26637,0.314417497,0.49872988,0.186852623
26638,0.271494964,0.535891799,0.192613238
26639,0.301668289,0.494096758,0.204234952
26640,0.279541863,0.501174926,0.219283211
26641,0.316424654,0.505766335,0.177809011
26642,0.292564861,0.502517151,0.204917988
26643,0.273049782,0.53368475,0.193265467
26644,0.303312593,0.502720815,0.193966592
26645,0.266655779,0.513987049,0.219357172
26646,0.279659906,0.520696729,0.199643365
26647,0.301795789,0.511860541,0.186343669
26648,0.264304993,0.530321751,0.205373256
26649,0.271914188,0.534412023,0.193673789
26650,0.27464348,0.520649914,0.204706607
26651,0.290680898,0.516833937,0.192485165
26652,0.276523351,0.492515162,0.230961487
26653,0.329518365,0.49935904,0.171122595
26654,0.304963635,0.521688026,0.17334834
26655,0.295412627,0.521986319,0.182601054
26656,0.278349223,0.528910947,0.19273983
26657,0.279659906,0.520696729,0.199643365
26658,0.232911682,0.56565648,0.201431838
26659,0.275769323,0.532184717,0.192045961
26660,0.263486176,0.496723303,0.239790521
26661,0.303486938,0.517446,0.179067062
26662,0.279659906,0.520696729,0.199643365
26663,0.285951407,0.533469106,0.180579487
26664,0.297620985,0.522645287,0.179733729
26665,0.29322116,0.521706177,0.185072664
26666,0.284079097,0.536834734,0.17908617
26667,0.270154602,0.527464524,0.202380875
26668,0.289514382,0.496442901,0.214042717
26669,0.268078486,0.52042018,0.211501334
26670,0.28675724,0.508722061,0.204520699
26671,0.279659906,0.520696729,0.199643365
26672,0.317385529,0.528951465,0.153663006
26673,0.264365695,0.530419394,0.205214911
26674,0.269558892,0.51288026,0.217560848
26675,0.275480208,0.535512967,0.189006825
26676,0.250617595,0.529498794,0.219883611
26677,0.272743095,0.529176946,0.198079959
26678,0.28593719,0.500594509,0.213468302
26679,0.289188444,0.517692277,0.193119279
26680,0.267919416,0.532966944,0.199113639
26681,0.356677151,0.486401708,0.156921141
26682,0.279659906,0.520696729,0.199643365
26683,0.282946845,0.51773671,0.199316445
26684,0.290938402,0.517274138,0.19178746
26685,0.273323754,0.528079017,0.198597229
26686,0.284095209,0.481469778,0.234435013
26687,0.285878647,0.522664708,0.191456645
26688,0.289000858,0.516377115,0.194622027
26689,0.310945334,0.488483936,0.20057073
26690,0.316352777,0.509138774,0.174508449
26691,0.302018087,0.515174277,0.182807636
26692,0.275769323,0.532184717,0.192045961
26693,0.281370875,0.537980097,0.180649028
26694,0.262245559,0.485291342,0.252463099
26695,0.293268694,0.504242636,0.20248867
26696,0.295381539,0.518267069,0.186351392
26697,0.280073277,0.520265753,0.19966097
26698,0.282720029,0.508218143,0.209061827
26699,0.27107942,0.524623119,0.204297461
26700,0.308145386,0.481042041,0.210812574
26701,0.293581621,0.51248028,0.193938098
26702,0.273691776,0.498208375,0.228099849
26703,0.263397688,0.529615855,0.206986457
26704,0.289842527,0.515882278,0.194275195
26705,0.29011931,0.528104742,0.181775947
26706,0.266473086,0.523477288,0.210049626
26707,0.268446632,0.516929781,0.214623587
26708,0.281912221,0.511915346,0.206172432
26709,0.300729373,0.507375332,0.191895295
26710,0.299078806,0.525006868,0.175914326
26711,0.330251806,0.497738242,0.172009952
26712,0.268814214,0.527604373,0.203581412
26713,0.279659906,0.520696729,0.199643365
26714,0.291489138,0.527641503,0.180869359
26715,0.275891827,0.518318971,0.205789201
26716,0.314991429,0.491989399,0.193019173
26717,0.287117415,0.511086272,0.201796313
26718,0.265712766,0.520395342,0.213891892
26719,0.298527058,0.508860514,0.192612428
26720,0.278248897,0.509445311,0.212305793
26721,0.264365695,0.530419394,0.205214911
26722,0.282540997,0.49130301,0.226155993
26723,0.246293869,0.521865352,0.231840779
26724,0.307911181,0.514736043,0.177352776
26725,0.272091373,0.527342712,0.200565915
26726,0.276715615,0.53768019,0.185604195
26727,0.314181835,0.51295272,0.172865446
26728,0.259445396,0.521282083,0.219272521
26729,0.2858885,0.515080915,0.199030584
26730,0.272028138,0.522110895,0.205860968
26731,0.306113464,0.513811017,0.180075519
26732,0.257159937,0.527407097,0.215432966
26733,0.312019307,0.486778896,0.201201798
26734,0.288012586,0.518385563,0.19360185
26735,0.29322116,0.521706177,0.185072664
26736,0.274868636,0.512035157,0.213096207
26737,0.306100401,0.526842162,0.167057437
26738,0.25124417,0.549913321,0.198842509
26739,0.263371088,0.537235345,0.199393567
26740,0.249147327,0.538346049,0.212506623
26741,0.29528329,0.511341943,0.193374766
26742,0.270219043,0.536998422,0.192782534
26743,0.284929523,0.482881307,0.23218917
26744,0.279357956,0.520898615,0.199743429
26745,0.281251599,0.48042234,0.238326061
26746,0.263176021,0.530956913,0.205867065
26747,0.295198711,0.502995429,0.20180586
26748,0.298824129,0.497572023,0.203603847
26749,0.283489317,0.514869429,0.201641253
26750,0.304830939,0.530207657,0.164961403
26751,0.287117415,0.511086272,0.201796313
26752,0.275025656,0.520442724,0.20453162
26753,0.28631727,0.491958841,0.221723889
26754,0.278352907,0.51453572,0.207111373
26755,0.284062696,0.508116099,0.207821205
26756,0.275769323,0.532184717,0.192045961
26757,0.316077535,0.49177902,0.192143445
26758,0.291360185,0.488692745,0.21994707
26759,0.298684774,0.522907838,0.178407388
26760,0.297620985,0.522645287,0.179733729
26761,0.25651338,0.540407191,0.203079429
26762,0.295090186,0.526260286,0.178649528
26763,0.252529464,0.496569866,0.25090067
26764,0.279659906,0.520696729,0.199643365
26765,0.266307633,0.531888011,0.201804356
26766,0.301795789,0.511860541,0.186343669
26767,0.290623283,0.520887873,0.188488844
26768,0.257586608,0.514913892,0.2274995
26769,0.271272127,0.514820753,0.21390712
26770,0.295683911,0.526413811,0.177902279
26771,0.284332282,0.529666697,0.186001021
26772,0.298147652,0.515476361,0.186375986
26773,0.30270007,0.521499535,0.175800395
26774,0.292564861,0.502517151,0.204917988
26775,0.270161637,0.529824291,0.200014072
26776,0.280300132,0.533029738,0.18667013
26777,0.279571576,0.524638687,0.195789737
26778,0.292410585,0.519949152,0.187640263
26779,0.280725711,0.532081268,0.187193021
26780,0.28491763,0.527740542,0.187341828
26781,0.307253152,0.498214838,0.19453201
26782,0.303486938,0.517446,0.179067062
26783,0.294601659,0.497687926,0.207710415
26784,0.296968325,0.494924434,0.20810724
26785,0.292145026,0.47362559,0.234229384
26786,0.27866804,0.510784192,0.210547767
26787,0.332458716,0.49436324,0.173178044
26788,0.291503496,0.516227987,0.192268517
26789,0.283330402,0.518833543,0.197836055
26790,0.286860205,0.515829586,0.197310209
26791,0.284472442,0.539194414,0.176333144
26792,0.307977912,0.515826833,0.176195255
26793,0.282762132,0.530734953,0.186502915
26794,0.31715631,0.522639493,0.160204197
26795,0.291456865,0.50664328,0.201899855
26796,0.268814214,0.527604373,0.203581412
26797,0.289626914,0.526452598,0.183920489
26798,0.316889886,0.507504796,0.175605318
26799,0.234384442,0.558197129,0.207418429
26800,0.272122429,0.515232961,0.21264461
26801,0.29953043,0.529667311,0.170802259
26802,0.286737009,0.517817056,0.195445935
26803,0.306495068,0.502577223,0.190927709
26804,0.295381539,0.518267069,0.186351392
26805,0.296968325,0.494257768,0.208773907
26806,0.327293623,0.504193934,0.168512442
26807,0.298981389,0.525123187,0.175895423
26808,0.279482041,0.517185657,0.203332302
26809,0.289539425,0.519950476,0.190510098
26810,0.307265397,0.513120554,0.179614049
26811,0.3112747,0.491053548,0.197671752
26812,0.314417497,0.499574325,0.186008178
26813,0.286230928,0.52346177,0.190307302
26814,0.262545703,0.486498135,0.250956162
26815,0.248831547,0.547341651,0.203826802
26816,0.276672614,0.538367576,0.18495981
26817,0.294226517,0.494602489,0.211170994
26818,0.349803027,0.482486022,0.167710951
26819,0.293157667,0.516619519,0.190222814
26820,0.267156646,0.501247233,0.231596121
26821,0.28158764,0.501341721,0.217070639
26822,0.274181179,0.541053067,0.184765754
26823,0.279659906,0.520696729,0.199643365
26824,0.305686827,0.511997508,0.182315665
26825,0.296968325,0.494924434,0.20810724
26826,0.272846579,0.531507271,0.19564615
26827,0.273899769,0.531636113,0.194464118
26828,0.269565412,0.555136404,0.175298184
26829,0.291027115,0.525149282,0.183823603
26830,0.289501927,0.518222284,0.192275789
26831,0.286122984,0.501536462,0.212340554
26832,0.279229032,0.515939115,0.204831853
26833,0.265934202,0.50538716,0.228678637
26834,0.285553738,0.510693912,0.20375235
26835,0.294868742,0.487210897,0.217920361
26836,0.289060312,0.514651018,0.19628867
26837,0.259639774,0.54549363,0.194866596
26838,0.249192623,0.523383853,0.227423524
26839,0.272876053,0.518671532,0.208452415
26840,0.279541863,0.501174926,0.219283211
26841,0.276722797,0.516787469,0.206489735
26842,0.311628094,0.527686911,0.160684995
26843,0.264365695,0.530419394,0.205214911
26844,0.273020539,0.517639135,0.209340326
26845,0.255866758,0.541582997,0.202550244
26846,0.278352907,0.51453572,0.207111373
26847,0.284583973,0.519035248,0.196380778
26848,0.266214044,0.539408727,0.194377229
26849,0.31809126,0.504515211,0.177393528
26850,0.307178174,0.523897519,0.168924307
26851,0.25174062,0.514382479,0.2338769
26852,0.287117415,0.511086272,0.201796313
26853,0.308636079,0.497835452,0.193528469
26854,0.316046133,0.507879602,0.176074265
26855,0.300074724,0.49552749,0.204397787
26856,0.268814214,0.527604373,0.203581412
26857,0.268814214,0.527604373,0.203581412
26858,0.273626282,0.487143113,0.239230605
26859,0.280697996,0.531001105,0.188300898
26860,0.290983253,0.525142177,0.18387457
26861,0.296968325,0.494924434,0.20810724
26862,0.290166898,0.50803133,0.201801772
26863,0.293157667,0.516619519,0.190222814
26864,0.307582791,0.525584906,0.166832303
26865,0.296332745,0.514812717,0.188854538
26866,0.286169234,0.5270721,0.186758667
26867,0.264304993,0.530321751,0.205373256
26868,0.286502989,0.524417277,0.189079734
26869,0.268814214,0.527604373,0.203581412
26870,0.327011288,0.510078676,0.162910036
26871,0.290165458,0.51322958,0.196604962
26872,0.264365695,0.530419394,0.205214911
26873,0.288652753,0.527216723,0.184130524
26874,0.285936822,0.525584443,0.188478735
26875,0.312019307,0.486778896,0.201201798
26876,0.307911181,0.514736043,0.177352776
26877,0.257408324,0.534008427,0.208583249
26878,0.325266952,0.460565747,0.214167302
26879,0.311353848,0.493769464,0.194876688
26880,0.303486938,0.517446,0.179067062
26881,0.317590754,0.502539202,0.179870045
26882,0.300103399,0.50448989,0.195406711
26883,0.288194883,0.49719239,0.214612727
26884,0.283536835,0.514791851,0.201671314
26885,0.286833562,0.519756213,0.193410225
26886,0.278172946,0.541061473,0.180765582
26887,0.326637444,0.504620408,0.168742148
26888,0.323975765,0.518856997,0.157167238
26889,0.296413223,0.512967138,0.190619639
26890,0.286663306,0.511665776,0.201670917
26891,0.298275827,0.524209492,0.177514681
26892,0.265872201,0.506783846,0.227343953
26893,0.297620985,0.522645287,0.179733729
26894,0.273984726,0.523387914,0.202627361
26895,0.293948972,0.528589142,0.177461886
26896,0.30809287,0.525718481,0.16618865
26897,0.256824386,0.542492065,0.200683549
26898,0.288080106,0.513877241,0.198042653
26899,0.283365877,0.532661907,0.183972216
26900,0.301923921,0.495692847,0.202383233
26901,0.303352162,0.51742528,0.179222558
26902,0.289514382,0.496442901,0.214042717
26903,0.254436908,0.536539591,0.209023502
26904,0.296837177,0.509361233,0.19380159
26905,0.278352907,0.51453572,0.207111373
26906,0.271563123,0.523714859,0.204722018
26907,0.292510199,0.511173158,0.196316643
26908,0.324133435,0.491116582,0.184749983
26909,0.295683911,0.526413811,0.177902279
26910,0.31295431,0.509418574,0.177627115
26911,0.334037962,0.492259082,0.173702956
26912,0.256249387,0.517484196,0.226266417
26913,0.317013486,0.50447225,0.178514264
26914,0.297203216,0.495053065,0.207743719
26915,0.273280377,0.533440805,0.193278817
26916,0.291913456,0.518873614,0.18921293
26917,0.280039285,0.517723683,0.202237033
26918,0.296413223,0.512967138,0.190619639
26919,0.349803027,0.482486022,0.167710951
26920,0.291528015,0.509553035,0.198918951
26921,0.288023619,0.511352891,0.20062349
26922,0.268814214,0.527604373,0.203581412
26923,0.307833194,0.500153384,0.192013422
26924,0.265356264,0.52070778,0.213935956
26925,0.331063985,0.488507459,0.180428556
26926,0.286633712,0.501714526,0.211651762
26927,0.273522025,0.514129532,0.212348443
26928,0.303486938,0.517446,0.179067062
26929,0.261699557,0.496856969,0.241443474
26930,0.272778796,0.505628142,0.221593062
26931,0.252616233,0.533062972,0.214320795
26932,0.268494531,0.536411126,0.195094343
26933,0.277104035,0.534670061,0.188225904
26934,0.259573187,0.495070251,0.245356562
26935,0.313197352,0.502178807,0.184623841
26936,0.283075126,0.535755923,0.181168951
26937,0.268431832,0.51339041,0.218177758
26938,0.273817835,0.507613958,0.218568207
26939,0.308070535,0.501056353,0.190873112
26940,0.256990876,0.512648382,0.230360741
26941,0.29231178,0.518692864,0.188995356
26942,0.275748425,0.52357344,0.200678135
26943,0.289842527,0.515882278,0.194275195
26944,0.281237061,0.542601088,0.17616185
26945,0.299141677,0.492999364,0.207858959
26946,0.254436908,0.536539591,0.209023502
26947,0.276440678,0.519119569,0.204439752
26948,0.312470818,0.52232907,0.165200112
26949,0.297276008,0.497663321,0.205060671
26950,0.287886391,0.512940649,0.19917296
26951,0.323553441,0.499873385,0.176573174
26952,0.284778742,0.513396318,0.20182494
26953,0.289030298,0.529484108,0.181485593
26954,0.295683911,0.526413811,0.177902279
26955,0.269460386,0.518789828,0.211749786
26956,0.303486938,0.517446,0.179067062
26957,0.296986083,0.518730155,0.184283762
26958,0.293320716,0.520054398,0.186624886
26959,0.278300164,0.507605892,0.214093944
26960,0.294352913,0.508099236,0.197547851
26961,0.263424864,0.543875976,0.19269916
26962,0.308745084,0.517406405,0.173848511
26963,0.297542463,0.501517859,0.200939678
26964,0.287171715,0.495231093,0.217597193
26965,0.27814155,0.517467877,0.204390573
26966,0.291456865,0.50664328,0.201899855
26967,0.308735976,0.47195454,0.219309483
26968,0.275216731,0.528747473,0.196035796
26969,0.272381449,0.492978407,0.234640143
26970,0.291915573,0.502669121,0.205415306
26971,0.303486938,0.517446,0.179067062
26972,0.260350406,0.526583214,0.21306638
26973,0.286953262,0.527463973,0.185582765
26974,0.264365695,0.530419394,0.205214911
26975,0.264365695,0.530419394,0.205214911
26976,0.254759996,0.537741172,0.207498832
26977,0.308949457,0.485366482,0.20568406
26978,0.286627598,0.520621377,0.192751025
26979,0.27881291,0.495520453,0.225666637
26980,0.288007207,0.525584949,0.186407844
26981,0.281717378,0.518263126,0.200019496
26982,0.266210169,0.522480534,0.211309297
26983,0.297001514,0.495650975,0.207347511
26984,0.277690485,0.510867897,0.211441618
26985,0.27715358,0.515443368,0.207403052
26986,0.268814214,0.527604373,0.203581412
26987,0.250724097,0.5171819,0.232094003
26988,0.276403666,0.535419744,0.18817659
26989,0.311172409,0.510646661,0.17818093
26990,0.277682335,0.51416117,0.208156494
26991,0.318236723,0.489228176,0.192535101
26992,0.263337778,0.531629105,0.205033117
26993,0.27216511,0.536630262,0.191204628
26994,0.269227586,0.528173397,0.202599017
26995,0.265934202,0.50538716,0.228678637
26996,0.27984832,0.507077121,0.213074559
26997,0.284929523,0.482881307,0.23218917
26998,0.292045627,0.510472512,0.197481862
26999,0.26006259,0.535598414,0.204338996
27000,0.267919416,0.532966944,0.199113639
27001,0.285119031,0.517209363,0.197671606
27002,0.286455588,0.521002938,0.192541474
27003,0.303469785,0.512320409,0.184209805
27004,0.253968689,0.545877051,0.20015426
27005,0.2961307,0.517937797,0.185931502
27006,0.303749098,0.491556632,0.204694271
27007,0.284961208,0.505657475,0.209381317
27008,0.241773768,0.542701105,0.215525127
27009,0.298199483,0.489883409,0.211917108
27010,0.298373962,0.506966984,0.194659054
27011,0.279445524,0.51809554,0.202458936
27012,0.289636289,0.511880061,0.19848365
27013,0.297203216,0.495053065,0.207743719
27014,0.262282166,0.533297026,0.204420808
27015,0.23880864,0.498762748,0.262428612
27016,0.286102001,0.519669614,0.194228385
27017,0.289100596,0.512455861,0.198443543
27018,0.264893192,0.514916017,0.220190791
27019,0.303352162,0.51742528,0.179222558
27020,0.278344759,0.541389274,0.180265967
27021,0.284467058,0.529020751,0.186512191
27022,0.278396647,0.521005826,0.200597527
27023,0.268481774,0.544159084,0.187359143
27024,0.284467058,0.529020751,0.186512191
27025,0.279659906,0.520696729,0.199643365
27026,0.292410585,0.519949152,0.187640263
27027,0.284288289,0.53129727,0.184414441
27028,0.253968689,0.545877051,0.20015426
27029,0.296413223,0.512967138,0.190619639
27030,0.303352162,0.51742528,0.179222558
27031,0.270161637,0.529824291,0.200014072
27032,0.296413223,0.512967138,0.190619639
27033,0.305026204,0.509856457,0.185117339
27034,0.287483872,0.527215344,0.185300784
27035,0.257080598,0.520099965,0.222819438
27036,0.293659182,0.506122612,0.200218205
27037,0.297370045,0.525502731,0.177127225
27038,0.303749098,0.491556632,0.204694271
27039,0.306751322,0.502851111,0.190397567
27040,0.302018087,0.515174277,0.182807636
27041,0.272169366,0.509265868,0.218564766
27042,0.279659906,0.520696729,0.199643365
27043,0.29681328,0.501957806,0.201228913
27044,0.265547566,0.512860628,0.221591807
27045,0.296968325,0.494924434,0.20810724
27046,0.358302518,0.493311665,0.148385817
27047,0.286467797,0.522390319,0.191141885
27048,0.289842527,0.515882278,0.194275195
27049,0.293268694,0.504242636,0.20248867
27050,0.266689991,0.532121992,0.201188018
27051,0.254567378,0.546636796,0.198795826
27052,0.292045627,0.510472512,0.197481862
27053,0.269901054,0.516991909,0.213107038
27054,0.276040351,0.516618924,0.207340725
27055,0.290278999,0.519170328,0.190550673
27056,0.329293326,0.464263282,0.206443392
27057,0.23697541,0.523354202,0.239670388
27058,0.260546351,0.494799059,0.24465459
27059,0.271268427,0.522259928,0.206471645
27060,0.285936822,0.525584443,0.188478735
27061,0.260874248,0.533491714,0.205634038
27062,0.280947459,0.520977258,0.198075282
27063,0.279293619,0.533068316,0.187638065
27064,0.27122118,0.52641069,0.20236813
27065,0.310993173,0.526292298,0.162714528
27066,0.264365695,0.530419394,0.205214911
27067,0.291743338,0.537162374,0.171094288
27068,0.289271173,0.52574329,0.184985537
27069,0.306561154,0.498169773,0.195269073
27070,0.29956121,0.507161158,0.193277631
27071,0.294214872,0.518944847,0.186840281
27072,0.299987089,0.508029125,0.191983786
27073,0.292074976,0.515398926,0.192526098
27074,0.287911376,0.505461544,0.206627079
27075,0.294634848,0.498414467,0.206950686
27076,0.287281416,0.501508552,0.211210032
27077,0.283330402,0.518833543,0.197836055
27078,0.274427683,0.524729199,0.200843118
27079,0.276040351,0.516618924,0.207340725
27080,0.317136012,0.50815409,0.174709898
27081,0.279659906,0.520696729,0.199643365
27082,0.298300224,0.484458034,0.217241742
27083,0.26084077,0.533402056,0.205757174
27084,0.263464588,0.519623385,0.216912027
27085,0.291088334,0.531733037,0.177178629
27086,0.267845675,0.514083889,0.218070436
27087,0.293503216,0.49914989,0.207346893
27088,0.270944911,0.523834865,0.205220224
27089,0.264963107,0.51292071,0.222116183
27090,0.311488585,0.512312628,0.176198787
27091,0.289271173,0.52574329,0.184985537
27092,0.275972889,0.525181158,0.198845952
27093,0.282720029,0.508218143,0.209061827
27094,0.270161637,0.529824291,0.200014072
27095,0.298275827,0.524209492,0.177514681
27096,0.296430616,0.525316168,0.178253217
27097,0.290923993,0.529690326,0.179385681
27098,0.276664766,0.494674336,0.228660899
27099,0.29994445,0.493148228,0.206907322
27100,0.285780889,0.531804652,0.182414459
27101,0.270161637,0.529824291,0.200014072
27102,0.300595243,0.502622018,0.196782739
27103,0.27715358,0.515443368,0.207403052
27104,0.307781366,0.513132862,0.179085772
27105,0.284717319,0.515507003,0.199775678
27106,0.296062492,0.496591594,0.207345914
27107,0.298817118,0.514262529,0.186920353
27108,0.264365695,0.530419394,0.205214911
27109,0.26387762,0.51234927,0.22377311
27110,0.315133145,0.522815194,0.162051661
27111,0.282946845,0.51773671,0.199316445
27112,0.255397494,0.536042665,0.20855984
27113,0.26006259,0.535598414,0.204338996
27114,0.279659906,0.520696729,0.199643365
27115,0.301466104,0.484613289,0.213920607
27116,0.280596904,0.5041646,0.215238496
27117,0.29322116,0.521706177,0.185072664
27118,0.311568093,0.495100066,0.193331842
27119,0.314717629,0.507654282,0.17762809
27120,0.269227586,0.528173397,0.202599017
27121,0.286574943,0.513968367,0.19945669
27122,0.30841895,0.516826238,0.174754812
27123,0.288411045,0.518529711,0.193059244
27124,0.26478598,0.53869207,0.19652195
27125,0.264365695,0.530419394,0.205214911
27126,0.279291982,0.499173145,0.221534874
27127,0.285119031,0.517209363,0.197671606
27128,0.303487291,0.512450925,0.184061784
27129,0.279659906,0.520696729,0.199643365
27130,0.300404821,0.52167107,0.177924109
27131,0.307148624,0.496970954,0.195880423
27132,0.271089605,0.518224503,0.210685891
27133,0.331063985,0.488507459,0.180428556
27134,0.300404821,0.52167107,0.177924109
27135,0.268814214,0.527604373,0.203581412
27136,0.297001514,0.495650975,0.207347511
27137,0.281365228,0.48577837,0.232856401
27138,0.288087715,0.517558503,0.194353782
27139,0.282035313,0.506610826,0.21135386
27140,0.286512468,0.504842201,0.208645331
27141,0.291448451,0.512084959,0.19646659
27142,0.276689608,0.516251405,0.207058988
27143,0.29011931,0.528104742,0.181775947
27144,0.356262336,0.480698004,0.163039659
27145,0.269366593,0.514455996,0.216177411
27146,0.285479851,0.524753601,0.189766549
27147,0.268814214,0.527604373,0.203581412
27148,0.268814214,0.527604373,0.203581412
27149,0.265527804,0.536892924,0.197579272
27150,0.267951146,0.493219233,0.238829621
27151,0.289689227,0.517169884,0.193140889
27152,0.303194215,0.498898875,0.19790691
27153,0.301858456,0.503334139,0.194807406
27154,0.286512468,0.504842201,0.208645331
27155,0.265330511,0.526764683,0.207904806
27156,0.289060312,0.514651018,0.19628867
27157,0.303487291,0.512450925,0.184061784
27158,0.276664766,0.494674336,0.228660899
27159,0.273322941,0.519935532,0.206741527
27160,0.304731006,0.494502117,0.200766877
27161,0.256591861,0.545553968,0.197854171
27162,0.279659906,0.520696729,0.199643365
27163,0.278888694,0.528508022,0.192603284
27164,0.310613089,0.509741753,0.179645159
27165,0.303486938,0.517446,0.179067062
27166,0.281096856,0.53565762,0.183245524
27167,0.312029213,0.508340903,0.179629884
27168,0.282116187,0.530645748,0.187238065
27169,0.251712137,0.539566376,0.208721487
27170,0.315789325,0.486972638,0.197238037
27171,0.27345695,0.527091562,0.199451489
27172,0.298280291,0.488676616,0.213043093
27173,0.315936662,0.519971152,0.164092186
27174,0.28819945,0.525403196,0.186397354
27175,0.264365695,0.530419394,0.205214911
27176,0.289060312,0.514651018,0.19628867
27177,0.273581016,0.505373726,0.221045257
27178,0.311134619,0.503468102,0.185397279
27179,0.27923973,0.51972155,0.20103872
27180,0.272648945,0.514555446,0.212795609
27181,0.287538447,0.533229401,0.179232152
27182,0.272811517,0.518383134,0.208805349
27183,0.278407673,0.511413701,0.210178626
27184,0.255285012,0.500679063,0.244035926
27185,0.305055551,0.528095885,0.166848564
27186,0.285269763,0.520235538,0.194494699
27187,0.259573187,0.495070251,0.245356562
27188,0.269190196,0.523694824,0.207114981
27189,0.278731084,0.515220358,0.206048558
27190,0.272648945,0.514555446,0.212795609
27191,0.299987248,0.506814817,0.193197935
27192,0.317136012,0.50815409,0.174709898
27193,0.290938402,0.517185249,0.191876349
27194,0.299078806,0.525006868,0.175914326
27195,0.281642047,0.509099271,0.209258682
27196,0.279849706,0.48892852,0.231221774
27197,0.26439221,0.536620196,0.198987593
27198,0.244436021,0.512493468,0.243070512
27199,0.278533395,0.494685646,0.226780958
27200,0.298275827,0.524209492,0.177514681
27201,0.230265212,0.546571813,0.223162975
27202,0.27715358,0.515443368,0.207403052
27203,0.278115493,0.521488236,0.200396271
27204,0.304943255,0.529303386,0.165753359
27205,0.272942232,0.520715716,0.206342052
27206,0.31022473,0.506442979,0.18333229
27207,0.320342968,0.505825657,0.173831375
27208,0.26439221,0.536620196,0.198987593
27209,0.267017271,0.534559242,0.198423487
27210,0.279659906,0.520696729,0.199643365
27211,0.334403619,0.482510038,0.183086343
27212,0.280073277,0.520265753,0.19966097
27213,0.289539425,0.519950476,0.190510098
27214,0.263233965,0.535829186,0.200936849
27215,0.264365695,0.530419394,0.205214911
27216,0.261393784,0.530487679,0.208118537
27217,0.26923257,0.523685974,0.207081456
27218,0.304011218,0.512914773,0.183074009
27219,0.264365695,0.530419394,0.205214911
27220,0.268814214,0.527604373,0.203581412
27221,0.274057006,0.490068897,0.235874098
27222,0.247058565,0.528059082,0.224882353
27223,0.287361479,0.487417792,0.225220729
27224,0.296344776,0.511646042,0.192009183
27225,0.263932128,0.528622733,0.207445139
27226,0.28123071,0.519356799,0.199412491
27227,0.293766968,0.527158977,0.179074055
27228,0.300040829,0.517469971,0.1824892
27229,0.262160102,0.559371868,0.178468029
27230,0.285834787,0.513660782,0.200504431
27231,0.293473663,0.52967133,0.176855007
27232,0.296413223,0.512967138,0.190619639
27233,0.322346479,0.507559807,0.170093714
27234,0.282338163,0.487989366,0.229672472
27235,0.269009514,0.524123195,0.206867292
27236,0.282171121,0.52125882,0.196570059
27237,0.275769323,0.532184717,0.192045961
27238,0.261586857,0.52582865,0.212584494
27239,0.271914188,0.534412023,0.193673789
27240,0.265749345,0.529400953,0.204849702
27241,0.312019307,0.486778896,0.201201798
27242,0.316284905,0.466895837,0.216819258
27243,0.286861317,0.523913933,0.18922475
27244,0.298684774,0.522907838,0.178407388
27245,0.287452737,0.514120013,0.19842725
27246,0.296602575,0.518370082,0.185027343
27247,0.312020861,0.492732205,0.195246934
27248,0.277400132,0.536882119,0.185717749
27249,0.298318829,0.522855439,0.178825733
27250,0.26006259,0.535598414,0.204338996
27251,0.260233504,0.529803063,0.209963432
27252,0.30038579,0.529792254,0.169821956
27253,0.287326586,0.526695673,0.18597774
27254,0.321663041,0.487885526,0.190451434
27255,0.286102001,0.519669614,0.194228385
27256,0.282333085,0.511849352,0.205817563
27257,0.290938402,0.517185249,0.191876349
27258,0.283956571,0.503488618,0.212554811
27259,0.273905486,0.525155914,0.200938599
27260,0.312595471,0.500750923,0.186653606
27261,0.264374109,0.526178047,0.209447844
27262,0.281237061,0.542601088,0.17616185
27263,0.294645272,0.520187298,0.18516743
27264,0.276894395,0.496857405,0.2262482
27265,0.282903815,0.508335783,0.208760402
27266,0.281667487,0.532763767,0.185568745
27267,0.289636289,0.511880061,0.19848365
27268,0.289842527,0.515882278,0.194275195
27269,0.293126187,0.506519447,0.200354366
27270,0.279229032,0.515939115,0.204831853
27271,0.269084568,0.528996955,0.201918476
27272,0.264365695,0.530419394,0.205214911
27273,0.286966679,0.516987639,0.196045682
27274,0.27589289,0.516456492,0.207650618
27275,0.280073277,0.520265753,0.19966097
27276,0.288700836,0.497691032,0.213608132
27277,0.280073277,0.520265753,0.19966097
27278,0.272302764,0.540521405,0.187175831
27279,0.279659906,0.520696729,0.199643365
27280,0.263424864,0.543875976,0.19269916
27281,0.273871913,0.482052652,0.244075435
27282,0.262282166,0.533297026,0.204420808
27283,0.308949457,0.485366482,0.20568406
27284,0.29231178,0.518692864,0.188995356
27285,0.258264457,0.548167257,0.193568286
27286,0.310075495,0.506969005,0.1829555
27287,0.277904744,0.485620039,0.236475217
27288,0.282619172,0.53275955,0.184621278
27289,0.253345483,0.542689372,0.203965144
27290,0.286169234,0.5270721,0.186758667
27291,0.265383029,0.551113671,0.1835033
27292,0.2394203,0.547114007,0.213465693
27293,0.279659906,0.520696729,0.199643365
27294,0.296968325,0.494924434,0.20810724
27295,0.279659906,0.520696729,0.199643365
27296,0.31800494,0.489574582,0.192420479
27297,0.312869344,0.497821477,0.189309179
27298,0.291770135,0.507019531,0.201210333
27299,0.279373421,0.533068166,0.187558413
27300,0.305857988,0.513921891,0.180220122
27301,0.277033956,0.515541977,0.207424067
27302,0.261917019,0.534736262,0.203346718
27303,0.294226517,0.494602489,0.211170994
27304,0.293549912,0.539971067,0.166479021
27305,0.314719286,0.504503444,0.18077727
27306,0.302124805,0.487467225,0.21040797
27307,0.272103778,0.543351083,0.184545139
27308,0.298427691,0.49048103,0.211091279
27309,0.27715358,0.515443368,0.207403052
27310,0.276676908,0.510126972,0.213196121
27311,0.259015502,0.542489649,0.198494849
27312,0.265527804,0.536892924,0.197579272
27313,0.251712137,0.539566376,0.208721487
27314,0.29350324,0.514241486,0.192255274
27315,0.281087565,0.506653779,0.212258656
27316,0.292410585,0.519949152,0.187640263
27317,0.282986054,0.51770805,0.199305896
27318,0.333205446,0.513396532,0.153398022
27319,0.247702056,0.541368686,0.210929258
27320,0.275323891,0.533696281,0.190979828
27321,0.292955006,0.514614925,0.192430069
27322,0.267919416,0.532966944,0.199113639
27323,0.253417502,0.538342671,0.208239827
27324,0.343564725,0.488513091,0.167922185
27325,0.284467058,0.528931862,0.18660108
27326,0.262322325,0.523942611,0.213735064
27327,0.289547061,0.516322515,0.194130424
27328,0.285834787,0.513660782,0.200504431
27329,0.303486938,0.517446,0.179067062
27330,0.286633712,0.501714526,0.211651762
27331,0.284486674,0.525753488,0.189759839
27332,0.278010146,0.516965787,0.205024067
27333,0.297327043,0.526323451,0.176349506
27334,0.310230114,0.496310873,0.193459013
27335,0.299251435,0.516620818,0.184127748
27336,0.268814214,0.527604373,0.203581412
27337,0.277251303,0.531211637,0.191537059
27338,0.260607581,0.531456794,0.207935625
27339,0.253417502,0.538342671,0.208239827
27340,0.286830736,0.541846509,0.171322755
27341,0.297552749,0.485664827,0.216782423
27342,0.275483826,0.517432499,0.207083675
27343,0.279721568,0.523994648,0.196283784
27344,0.282540997,0.49130301,0.226155993
27345,0.265874456,0.513562253,0.220563292
27346,0.300270045,0.52165035,0.178079606
27347,0.282536692,0.51523953,0.202223778
27348,0.252006206,0.536644747,0.211349048
27349,0.25976039,0.535843046,0.204396564
27350,0.245495263,0.541611353,0.212893384
27351,0.295568981,0.506742578,0.197688441
27352,0.327293623,0.504193934,0.168512442
27353,0.2740492,0.527931511,0.198019289
27354,0.303486938,0.517446,0.179067062
27355,0.284730581,0.488387831,0.226881588
27356,0.303766855,0.522743801,0.173489343
27357,0.252181261,0.500300046,0.247518694
27358,0.303486938,0.517446,0.179067062
27359,0.285579398,0.517929018,0.196491584
27360,0.279014938,0.509225105,0.211759957
27361,0.293948972,0.528589142,0.177461886
27362,0.352529273,0.482425609,0.165045118
27363,0.286574943,0.513968367,0.19945669
27364,0.271914188,0.534412023,0.193673789
27365,0.269366593,0.514455996,0.216177411
27366,0.309230386,0.469103381,0.221666233
27367,0.282619172,0.53275955,0.184621278
27368,0.323975765,0.518856997,0.157167238
27369,0.286966679,0.516987639,0.196045682
27370,0.311662324,0.504690837,0.183646839
27371,0.287088038,0.526395804,0.186516158
27372,0.284929523,0.482881307,0.23218917
27373,0.300849872,0.511402201,0.187747927
27374,0.26006259,0.535598414,0.204338996
27375,0.288632271,0.526691891,0.184675838
27376,0.280073277,0.520265753,0.19966097
27377,0.290165304,0.545921598,0.163913098
27378,0.261733263,0.543927462,0.194339275
27379,0.297509994,0.515987875,0.186502131
27380,0.268814214,0.527604373,0.203581412
27381,0.299241837,0.53178368,0.168974482
27382,0.282573043,0.518863126,0.198563831
27383,0.298307279,0.515762254,0.185930466
27384,0.289060312,0.514651018,0.19628867
27385,0.276414757,0.51347346,0.210111783
27386,0.326179235,0.492773894,0.181046871
27387,0.287366067,0.526644889,0.185989044
27388,0.331063985,0.488507459,0.180428556
27389,0.278601104,0.534220038,0.187178858
27390,0.289681139,0.506332822,0.203986039
27391,0.279659906,0.520696729,0.199643365
27392,0.298275827,0.524209492,0.177514681
27393,0.309704717,0.48830973,0.201985553
27394,0.319761938,0.503710704,0.176527358
27395,0.265334862,0.51270531,0.221959828
27396,0.282619172,0.53275955,0.184621278
27397,0.282619172,0.53275955,0.184621278
27398,0.282338163,0.487989366,0.229672472
27399,0.276917783,0.518508218,0.204573999
27400,0.258423607,0.530239161,0.211337232
27401,0.271094753,0.534841328,0.19406392
27402,0.30394583,0.506517407,0.189536763
27403,0.263424864,0.543875976,0.19269916
27404,0.2864162,0.518767897,0.194815903
27405,0.292110666,0.514663705,0.193225628
27406,0.277429249,0.500409418,0.222161333
27407,0.259795348,0.545501888,0.194702763
27408,0.276072156,0.518080329,0.205847516
27409,0.278352907,0.51453572,0.207111373
27410,0.327293623,0.504193934,0.168512442
27411,0.286627598,0.520621377,0.192751025
27412,0.25698374,0.530000674,0.213015586
27413,0.25976039,0.535843046,0.204396564
27414,0.268814214,0.527604373,0.203581412
27415,0.282425711,0.507787443,0.209786846
27416,0.279659906,0.520696729,0.199643365
